80.4450000000 4.0095933438
81.6440000000 4.0114319003
82.8430000000 4.0129411823
84.0410000000 4.0141205708
85.2400000000 4.0149632260
86.4380000000 4.0154543845
87.6360000000 4.0155999417
88.8340000000 4.0153956065
90.0310000000 4.0148377994
91.2270000001 4.0139374860
92.4220000001 4.0126963940
93.6160000001 4.0111213629
94.8090000001 4.0092278125
96.0010000001 4.0070341725
97.1920000001 4.0045501728
98.3810000001 4.0017768993
99.5690000001 3.9987323511
100.7550000001 3.9954084972
101.9400000001 3.9918212376
103.1230000001 3.9879463172
104.3050000001 3.9837970047
105.4850000001 3.9793398027
106.6640000001 3.9745679476
107.8410000001 3.9694607673
109.0160000001 3.9640100131
110.1900000001 3.9581851809
111.3620000001 3.9519914092
112.5330000002 3.9454097075
113.7020000002 3.9384711284
114.8700000002 3.9311842227
116.0370000002 3.9235988664
117.2020000002 3.9158072835
118.3670000002 3.9078924075
119.5310000002 3.8999844083
120.6940000002 3.8922365175
121.8560000002 3.8847931357
123.0180000002 3.8777758824
124.1790000002 3.8712930509
125.3400000002 3.8654129443
126.5010000002 3.8601606757
127.6610000002 3.8555292024
128.8210000002 3.8514855591
129.9810000002 3.8479784398
131.1400000002 3.8449666967
132.2990000002 3.8423804132
133.4580000003 3.8401719173
134.6170000003 3.8382920885
135.7760000003 3.8366950573
136.9340000003 3.8353528510
138.0930000003 3.8342307647
139.2520000003 3.8332954305
140.4100000003 3.8325400963
141.5690000003 3.8319404005
142.7280000003 3.8314814682
143.8870000003 3.8311534420
145.0470000003 3.8309485890
146.2060000003 3.8308685113
147.3660000003 3.8309028459
148.5270000003 3.8310484502
149.6870000003 3.8313161065
150.8490000003 3.8316964870
152.0100000003 3.8322072890
153.1730000003 3.8328382170
154.3350000004 3.8336090816
155.4990000004 3.8345308069
156.6630000004 3.8355985156
157.8290000004 3.8368381722
158.9950000004 3.8382616265
160.1620000004 3.8398813058
161.3300000004 3.8417149952
162.4990000004 3.8437808231
163.6690000004 3.8460944659
164.8400000004 3.8486634627
166.0130000004 3.8515187011
167.1870000004 3.8546564953
168.3630000004 3.8580978391
169.5400000004 3.8618340806
170.7190000004 3.8658598029
171.8990000004 3.8701776556
173.0800000004 3.8747703595
174.2630000005 3.8796035111
175.4470000005 3.8846512866
176.6330000005 3.8898935602
177.8200000005 3.8952856727
179.0090000005 3.9007952523
180.1980000005 3.9064017024
181.3880000005 3.9120541674
182.5800000005 3.9177472725
183.7720000005 3.9234367535
184.9650000005 3.9291057896
186.1590000005 3.9347346867
187.3530000005 3.9402953723
188.5480000005 3.9457780878
189.7440000005 3.9511529673
190.9390000005 3.9564156857
192.1350000005 3.9615359918
193.3320000005 3.9665088653
194.5290000005 3.9713039198
195.7260000006 3.9759170943
196.9230000006 3.9803319188
198.1200000006 3.9845219282
199.3180000006 3.9884890351
200.5160000006 3.9922060600
201.7140000006 3.9956612673
202.9130000006 3.9988387254
204.1110000006 4.0017418601
205.3100000006 4.0043368342
206.5080000006 4.0066287877
207.7070000006 4.0086068083
208.9060000006 4.0102582369
210.1050000006 4.0115761399
211.3030000006 4.0125526602
212.5020000006 4.0131976373
213.7000000006 4.0134886265
214.8980000006 4.0134280531
216.0950000006 4.0130185064
217.2910000007 4.0122537296
218.4870000007 4.0111553553
219.6820000007 4.0097146628
