10.1000000000 0.0523092176
10.5800000000 0.0855844735
11.0600000000 0.0506806548
11.5500000000 0.0868459842
12.0200000000 0.0506628116
12.5100000000 0.0865572298
12.9800000000 0.0526195005
13.4800000000 0.0844697803
13.9400000000 0.0567410033
14.4500000000 0.0802537771
14.9000000000 0.0629851888
15.4100000000 0.0739470227
15.8600000000 0.0710338020
16.3800000000 0.0658109204
16.8300000000 0.0805932047
17.3400000000 0.0559677039
17.7900000000 0.0908168424
18.3100000000 0.0452477192
18.7600000000 0.1006954242
19.2600000000 0.0348078988
19.7200000000 0.1095070060
20.2200000000 0.0260206394
20.6900000000 0.1162689679
21.1700000000 0.0207612060
21.6600000000 0.1199789733
22.1200000000 0.0202867831
22.6400000000 0.1199049138
23.0800000000 0.0259887427
23.6100000000 0.1158147377
24.0400000000 0.0377257637
24.5900000000 0.1070303926
25.0000000000 0.0552875463
25.5700000000 0.0934390196
25.9600000000 0.0777141409
26.5400000000 0.0748402480
26.9200000000 0.1032536225
27.5200000000 0.0511683815
27.8900000000 0.1301486119
28.4900000000 0.0223899548
28.8600000000 0.1560252977
29.4600000000 0.0105714446
29.8300000000 0.1790121307
