81.0110000000 3.9936107565
82.1980000000 3.9891145037
83.3850000000 3.9840712598
84.5720000000 3.9784950628
85.7580000000 3.9724111500
86.9440000000 3.9658958758
88.1290000000 3.9590250504
89.3140000000 3.9519163426
90.4980000001 3.9446684478
91.6810000001 3.9373912254
92.8630000001 3.9301713086
94.0450000001 3.9230753789
95.2250000001 3.9161657549
96.4040000001 3.9094570035
97.5820000001 3.9029685039
98.7590000001 3.8967072690
99.9340000001 3.8906675614
101.1080000001 3.8848543167
102.2810000001 3.8792642943
103.4520000001 3.8738875263
104.6210000001 3.8687343308
105.7880000001 3.8638032745
106.9540000001 3.8591214841
108.1180000001 3.8546952624
109.2800000001 3.8505545235
110.4400000001 3.8467308273
111.5980000002 3.8432560312
112.7550000002 3.8401630367
113.9090000002 3.8374913779
115.0630000002 3.8352627942
116.2140000002 3.8335014117
117.3650000002 3.8322095892
118.5140000002 3.8313832885
119.6630000002 3.8310113861
120.8110000002 3.8310713823
121.9580000002 3.8315475086
123.1050000002 3.8324041689
124.2520000002 3.8336193769
125.3990000002 3.8351666928
126.5450000002 3.8370389035
127.6920000002 3.8392020732
128.8390000002 3.8416370369
129.9860000002 3.8443238051
131.1330000002 3.8472352825
132.2810000002 3.8503650520
133.4290000003 3.8536710920
134.5770000003 3.8571355448
135.7250000003 3.8607258868
136.8740000003 3.8644385172
138.0230000003 3.8682315743
139.1730000003 3.8720954903
140.3230000003 3.8760016121
141.4730000003 3.8799491882
142.6230000003 3.8839162597
143.7740000003 3.8878924769
144.9250000003 3.8918667953
146.0770000003 3.8958450514
147.2290000003 3.8998129831
148.3820000003 3.9037684953
149.5350000003 3.9077196353
150.6880000003 3.9116694880
151.8420000003 3.9156089239
152.9960000003 3.9195383917
154.1520000004 3.9234759750
155.3070000004 3.9274250515
156.4630000004 3.9313699596
157.6200000004 3.9353315378
158.7780000004 3.9393073458
159.9360000004 3.9432887261
161.0960000004 3.9472873607
162.2560000004 3.9512999508
163.4170000004 3.9553175586
164.5790000004 3.9593346084
165.7420000004 3.9633417934
166.9060000004 3.9673246946
168.0710000004 3.9712600775
169.2380000004 3.9751466743
170.4060000004 3.9789437850
171.5750000004 3.9826302698
172.7460000004 3.9861851836
173.9180000004 3.9895783731
175.0910000005 3.9927853209
176.2660000005 3.9957899156
177.4420000005 3.9985688296
178.6200000005 4.0011064737
179.7980000005 4.0034131785
180.9780000005 4.0054700493
182.1590000005 4.0072821533
183.3410000005 4.0088556509
184.5240000005 4.0101973671
185.7080000005 4.0113125084
186.8920000005 4.0122268218
188.0770000005 4.0129286601
189.2630000005 4.0134365493
190.4490000005 4.0137485866
191.6360000005 4.0138781789
192.8230000005 4.0138159189
194.0110000005 4.0135618501
195.1980000006 4.0131119878
196.3860000006 4.0124570968
197.5740000006 4.0115767300
198.7630000006 4.0104530240
199.9510000006 4.0090704431
201.1390000006 4.0073886672
202.3270000006 4.0053730453
203.5150000006 4.0029864342
204.7030000006 4.0001893193
205.8910000006 3.9969401431
207.0790000006 3.9931960309
208.2660000006 3.9889182892
209.4540000006 3.9841009679
210.6400000006 3.9787348142
211.8270000006 3.9728578776
213.0130000006 3.9665067840
214.1980000006 3.9597617605
215.3830000006 3.9527347766
216.5670000007 3.9455209360
217.7510000007 3.9382441184
218.9330000007 3.9309797026
