10.0000000000 1.8914208382
10.0100000000 1.9650755727
10.0200000000 1.9878253881
10.0300000000 1.9724180163
10.0400000000 1.9292043612
10.0500000000 1.8655592680
10.0600000000 1.7863279960
10.0700000000 1.6944712478
10.0800000000 1.5915822741
10.0900000000 1.4782222511
10.1000000000 1.3541208220
10.1100000000 1.2182935803
10.1200000000 1.0691038764
10.1300000000 0.9042874681
10.1400000000 0.7209754171
10.1500000000 0.5157915259
10.1600000000 0.2851732983
10.1700000000 0.0261763485
10.1800000000 -0.2618777630
10.1900000000 -0.5746853935
10.2000000000 -0.8998054647
10.2100000000 -1.2154796532
10.2200000000 -1.4948065472
10.2300000000 -1.7152058888
10.2400000000 -1.8667810202
10.2500000000 -1.9531176153
10.2600000000 -1.9856545884
10.2700000000 -1.9773872969
10.2800000000 -1.9393052478
10.2900000000 -1.8794206565
10.3000000000 -1.8030818009
10.3100000000 -1.7136150893
10.3200000000 -1.6128794055
10.3300000000 -1.5016384207
10.3400000000 -1.3797868734
10.3500000000 -1.2464849440
10.3600000000 -1.1002317642
10.3700000000 -0.9388961223
10.3800000000 -0.7597346532
10.3900000000 -0.5594631723
10.4000000000 -0.3345113391
10.4100000000 -0.0816943893
10.4200000000 0.2003511602
10.4300000000 0.5086721098
10.4400000000 0.8328009143
10.4500000000 1.1528498977
10.4600000000 1.4423320240
10.4700000000 1.6768431541
10.4800000000 1.8433783977
10.4900000000 1.9429614744
10.5000000000 1.9859396244
10.5100000000 1.9853919846
10.5200000000 1.9528991322
10.5300000000 1.8971198436
10.5400000000 1.8239297937
10.5500000000 1.7370430592
10.5600000000 1.6385994307
10.5700000000 1.5295746209
10.5800000000 1.4100343157
10.5900000000 1.2792870251
10.6000000000 1.1359705605
10.6100000000 0.9780904705
10.6200000000 0.8030365040
10.6300000000 0.6076333562
10.6400000000 0.3883385913
10.6500000000 0.1417952851
10.6600000000 -0.1339346711
10.6700000000 -0.4371179406
10.6800000000 -0.7592101821
10.6900000000 -1.0823925839
10.7000000000 -1.3810780033
10.7100000000 -1.6295035821
10.7200000000 -1.8116101273
10.7300000000 -1.9255231914
10.7400000000 -1.9801098713
10.7500000000 -1.9883110031
10.7600000000 -1.9622387339
10.7700000000 -1.9112203283
10.7800000000 -1.8417020943
10.7900000000 -1.7578241292
10.8000000000 -1.6620341969
10.8100000000 -1.5555371775
10.8200000000 -1.4385797099
10.8300000000 -1.3106236238
10.8400000000 -1.1704468923
10.8500000000 -1.0161915617
10.8600000000 -0.8453814740
10.8700000000 -0.6549580481
10.8800000000 -0.4414318785
10.8900000000 -0.2013332987
10.9000000000 0.0677370431
10.9100000000 0.3650988549
10.9200000000 0.6839836276
10.9300000000 1.0086896081
10.9400000000 1.3149115997
10.9500000000 1.5760607168
10.9600000000 1.7732798167
10.9700000000 1.9016273927
10.9800000000 1.9681520547
10.9900000000 1.9854113487
11.0000000000 1.9659520844
11.0100000000 1.9197634010
11.0200000000 1.8538875506
11.0300000000 1.7729181269
11.0400000000 1.6796309482
11.0500000000 1.5754721692
11.0600000000 1.4608753018
11.0700000000 1.3354566562
11.0800000000 1.1981316368
11.0900000000 1.0471732386
11.1000000000 0.8802332724
11.1100000000 0.6943680619
11.1200000000 0.4861537451
11.1300000000 0.2520530842
11.1400000000 -0.0106902006
11.1500000000 -0.3022664691
11.1600000000 -0.6174599785
11.1700000000 -0.9425754370
11.1800000000 -1.2547935310
11.1900000000 -1.5271889699
11.2000000000 -1.7385163818
11.2100000000 -1.8808129306
11.2200000000 -1.9591000085
11.2300000000 -1.9853363273
11.2400000000 -1.9723870830
11.2500000000 -1.9308673844
11.2600000000 -1.8684163331
11.2700000000 -1.7900915594
11.2800000000 -1.6990062112
11.2900000000 -1.5968533157
11.3000000000 -1.4842558188
11.3100000000 -1.3609850260
11.3200000000 -1.2260929014
11.3300000000 -1.0779818793
11.3400000000 -0.9144311656
11.3500000000 -0.7326157822
11.3600000000 -0.5291925140
11.3700000000 -0.3005954134
11.3800000000 -0.0437914567
11.3900000000 0.2421475961
11.4000000000 0.5534043395
11.4100000000 0.8782344683
11.4200000000 1.1955141936
11.4300000000 1.4784370079
11.4400000000 1.7037372851
11.4500000000 1.8604250181
11.4600000000 1.9512204776
11.4700000000 1.9872161980
11.4800000000 1.9814598355
11.4900000000 1.9451618703
11.5000000000 1.8865744710
11.5100000000 1.8112456561
11.5200000000 1.7226480715
11.5300000000 1.6227369001
11.5400000000 1.5123343396
11.5500000000 1.3913729839
11.5600000000 1.2590456042
11.5700000000 1.1138876073
11.5800000000 0.9538102332
11.5900000000 0.7761160516
11.6000000000 0.5775610918
11.6100000000 0.3545882815
11.6200000000 0.1039566213
11.6300000000 -0.1758943633
11.6400000000 -0.4824331815
11.6500000000 -0.8058545939
11.6600000000 -1.1269721159
11.6700000000 -1.4195829242
11.6800000000 -1.6587949787
11.6900000000 -1.8305625597
11.7000000000 -1.9349461093
11.7100000000 -1.9818129797
11.7200000000 -1.9842069966
11.7300000000 -1.9538946572
11.7400000000 -1.8997694728
11.7500000000 -1.8279127980
11.7600000000 -1.7421929751
11.7700000000 -1.6448524730
11.7800000000 -1.5369285438
11.7900000000 -1.4185240093
11.8000000000 -1.2889762817
11.8100000000 -1.1469538977
11.8200000000 -0.9904984550
11.8300000000 -0.8170397147
11.8400000000 -0.6234398946
11.8500000000 -0.4061761548
11.8600000000 -0.1618612641
11.8700000000 0.1115794115
11.8800000000 0.4127293326
11.8900000000 0.7335786005
11.9000000000 1.0569386846
11.9100000000 1.3575898097
11.9200000000 1.6095036124
11.9300000000 1.7957865912
11.9400000000 1.9136726781
11.9500000000 1.9715116911
11.9600000000 1.9821428257
11.9700000000 1.9578122647
11.9800000000 1.9080503800
11.9900000000 1.8394915470
12.0000000000 1.7564204881
12.0100000000 1.6613816505
12.0200000000 1.5556358210
12.0300000000 1.4394595716
12.0400000000 1.3123344168
12.0500000000 1.1730580638
12.0600000000 1.0197961309
12.0700000000 0.8500991592
12.0800000000 0.6609341421
12.0900000000 0.4488264758
12.1000000000 0.2102908657
12.1100000000 -0.0571532122
12.1200000000 -0.3530208681
12.1300000000 -0.6708858318
12.1400000000 -0.9954755657
12.1500000000 -1.3027797875
12.1600000000 -1.5660974355
12.1700000000 -1.7660330496
12.1800000000 -1.8970043740
12.1900000000 -1.9656523038
12.2000000000 -1.9844313975
12.2100000000 -1.9659748235
12.2200000000 -1.9204219423
12.2300000000 -1.8549606032
12.2400000000 -1.7742993699
12.2500000000 -1.6812910398
12.2600000000 -1.5774236841
12.2700000000 -1.4631493532
12.2800000000 -1.3380941053
12.2900000000 -1.2011845351
12.3000000000 -1.0507100708
12.3100000000 -0.8843435528
12.3200000000 -0.6991634615
12.3300000000 -0.4917620761
12.3400000000 -0.2585980847
12.3500000000 0.0031350372
12.3600000000 0.2937626080
12.3700000000 0.6083221083
12.3800000000 0.9334634676
12.3900000000 1.2466513442
12.4000000000 1.5209505772
12.4100000000 1.7347343238
12.4200000000 1.8795061716
12.4300000000 1.9599012522
12.4400000000 1.9877466168
12.4500000000 1.9759557085
12.4600000000 1.9352637268
12.4700000000 1.8734356346
12.4800000000 1.7956325695
12.4900000000 1.7050384804
12.5000000000 1.6033843705
12.5100000000 1.4913080102
12.5200000000 1.3685866904
12.5300000000 1.2342804899
12.5400000000 1.0868066043
12.5500000000 0.9239654838
12.5600000000 0.7429570427
12.5700000000 0.5404607092
12.5800000000 0.3129188526
12.5900000000 0.0572690138
12.6000000000 -0.2275225666
12.6100000000 -0.5378629026
12.6200000000 -0.8623520973
12.6300000000 -1.1802129370
12.6400000000 -1.4647497339
12.6500000000 -1.6924164749
12.6600000000 -1.8516960056
12.6700000000 -1.9448506712
12.6800000000 -1.9827604721
12.6900000000 -1.9784710553
12.7000000000 -1.9432928993
12.7100000000 -1.8856006619
12.7200000000 -1.8110491192
12.7300000000 -1.7231864367
12.7400000000 -1.6240091323
12.7500000000 -1.5143546300
12.7600000000 -1.3941587562
12.7700000000 -1.2626172287
12.7800000000 -1.1182734122
12.7900000000 -0.9590519367
12.8000000000 -0.7822722640
12.8100000000 -0.5847071596
12.8200000000 -0.3628091400
12.8300000000 -0.1133260123
12.8400000000 0.1653581097
12.8500000000 0.4708409818
12.8600000000 0.7935318833
12.8700000000 1.1144873086
12.8800000000 1.4076288700
12.8900000000 1.6479381702
12.9000000000 1.8210410820
12.9100000000 1.9266701692
12.9200000000 1.9745148052
12.9300000000 1.9775939989
12.9400000000 1.9477346447
12.9500000000 1.8939168155
12.9600000000 1.8223021994
12.9700000000 1.7368169262
12.9800000000 1.6397324106
12.9900000000 1.5320906297
13.0000000000 1.4139870821
13.0100000000 1.2847509854
13.0200000000 1.1430469498
13.0300000000 0.9869171027
13.0400000000 0.8137944070
13.0500000000 0.6205448987
13.0600000000 0.4036480463
13.0700000000 0.1597146603
13.0800000000 -0.1133400535
13.0900000000 -0.4141223522
13.1000000000 -0.7346586031
13.1100000000 -1.0577991067
13.1200000000 -1.3583395293
13.1300000000 -1.6102209008
13.1400000000 -1.7964836038
13.1500000000 -1.9142994081
13.1600000000 -1.9719892056
13.1700000000 -1.9823972152
13.1800000000 -1.9577955874
13.1900000000 -1.9077499763
13.2000000000 -1.8389300743
13.2100000000 -1.7556456818
13.2200000000 -1.6604477483
13.2300000000 -1.5545855881
13.2400000000 -1.4383158872
13.2500000000 -1.3111022208
13.2600000000 -1.1717312124
13.2700000000 -1.0183640601
13.2800000000 -0.8485513767
13.2900000000 -0.6592627024
13.3000000000 -0.4470272438
13.3100000000 -0.2083642865
13.3200000000 0.0592014123
13.3300000000 0.3551790424
13.3400000000 0.6731364274
13.3500000000 0.9977969501
13.3600000000 1.3051504648
13.3700000000 1.5685006714
13.3800000000 1.7684581253
13.3900000000 1.8994437697
13.4000000000 1.9680988723
13.4100000000 1.9868796541
13.4200000000 1.9684269721
13.4300000000 1.9228959662
13.4400000000 1.8574950550
13.4500000000 1.7769487911
13.4600000000 1.6841112585
13.4700000000 1.5804552421
13.4800000000 1.4664092138
13.4900000000 1.3415779657
13.5000000000 1.2048747740
13.5100000000 1.0545839346
13.5200000000 0.8883793086
13.5300000000 0.7033446401
13.5400000000 0.4960806725
13.5500000000 0.2630573060
13.5600000000 0.0014811804
13.5700000000 -0.2889606848
13.5800000000 -0.6033010216
13.5900000000 -0.9282029893
13.6000000000 -1.2411684525
13.6100000000 -1.5153112214
13.6200000000 -1.7290359530
13.6300000000 -1.8738415991
13.6400000000 -1.9543335770
13.6500000000 -1.9823090442
13.6600000000 -1.9706674446
13.6700000000 -1.9301484196
13.6800000000 -1.8685331526
13.6900000000 -1.7909983387
13.7000000000 -1.7007301335
13.7100000000 -1.5994441548
13.7200000000 -1.4877520862
13.7300000000 -1.3654050091
13.7400000000 -1.2314428524
13.7500000000 -1.0842693014
13.7600000000 -0.9216760460
13.7700000000 -0.7408575889
13.7800000000 -0.5384920753
13.7900000000 -0.3110289412
13.8000000000 -0.0554301248
13.8100000000 0.2292826212
13.8200000000 0.5394172362
13.8300000000 0.8634394935
13.8400000000 1.1804579586
13.8500000000 1.4637738857
13.8600000000 1.6899896700
13.8700000000 1.8478085689
13.8800000000 1.9396600240
13.8900000000 1.9764868190
13.9000000000 1.9713249272
13.9100000000 1.9354528211
13.9200000000 1.8772184741
13.9300000000 1.8022572620
13.9400000000 1.7140945412
13.9500000000 1.6146932300
13.9600000000 1.5048498309
13.9700000000 1.3844607263
13.9800000000 1.2526891207
13.9900000000 1.1080527091
14.0000000000 0.9484546551
14.0100000000 0.7711954208
14.0200000000 0.5730329849
14.0300000000 0.3504173233
14.0400000000 0.1001242009
14.0500000000 -0.1793721774
14.0600000000 -0.4854790664
14.0700000000 -0.8083051666
14.0800000000 -1.1285826702
14.0900000000 -1.4200892074
14.1000000000 -1.6580112254
14.1100000000 -1.8284413569
14.1200000000 -1.9315574364
14.1300000000 -1.9772816104
14.1400000000 -1.9786669596
14.1500000000 -1.9474793226
14.1600000000 -1.8926218067
14.1700000000 -1.8201913943
14.1800000000 -1.7340580048
14.1900000000 -1.6364359906
14.2000000000 -1.5283094027
14.2100000000 -1.4097218772
14.2200000000 -1.2799616765
14.2300000000 -1.1376627756
14.2400000000 -0.9808436084
14.2500000000 -0.8069178295
14.2600000000 -0.6127374605
14.2700000000 -0.3947802428
14.2800000000 -0.1496842663
14.2900000000 0.1245492212
14.3000000000 0.4263437437
14.3100000000 0.7474307428
14.3200000000 1.0703255676
14.3300000000 1.3696452787
14.3400000000 1.6195007012
14.3500000000 1.8034007723
14.3600000000 1.9189999904
14.3700000000 1.9748892589
14.3800000000 1.9839614193
14.3900000000 1.9584233000
14.4000000000 1.9077526400
14.4100000000 1.8385447615
14.4200000000 1.7550471152
14.4300000000 1.6597497283
14.4400000000 1.5538406283
14.4500000000 1.4375213198
14.4600000000 1.3102117215
14.4700000000 1.1706662975
14.4800000000 1.0170223359
14.4900000000 0.8468120399
14.5000000000 0.6569924939
14.5100000000 0.4440924441
14.5200000000 0.2046575115
14.5300000000 -0.0637078109
14.5400000000 -0.3603446479
14.5500000000 -0.6785466121
14.5600000000 -1.0027148546
14.5700000000 -1.3086473545
14.5800000000 -1.5697850147
14.5900000000 -1.7671897997
14.6000000000 -1.8957794387
14.6100000000 -1.9624886690
14.6200000000 -1.9798329720
14.6300000000 -1.9603844363
14.6400000000 -1.9142012548
14.6500000000 -1.8484093532
14.6600000000 -1.7676657077
14.6700000000 -1.6747599102
14.6800000000 -1.5710994124
14.6900000000 -1.4570518698
14.7000000000 -1.3321711914
14.7100000000 -1.1953298311
14.7200000000 -1.0447779061
14.7300000000 -0.8781587076
14.7400000000 -0.6925296214
14.7500000000 -0.4844768007
14.7600000000 -0.2504867500
14.7700000000 0.0121487291
14.7800000000 0.3035335899
14.7900000000 0.6183216281
14.8000000000 0.9426710651
14.8100000000 1.2536811437
14.8200000000 1.5245004826
14.8300000000 1.7341051379
14.8400000000 1.8747721191
14.8500000000 1.9516612571
14.8600000000 1.9767592322
14.8700000000 1.9629108875
14.8800000000 1.9207179089
14.8900000000 1.8578278173
14.9000000000 1.7793072276
14.9100000000 1.6882465945
14.9200000000 1.5862730677
14.9300000000 1.4739193456
14.9400000000 1.3508707743
14.9500000000 1.2161138177
14.9600000000 1.0680063341
14.9700000000 0.9042975731
14.9800000000 0.7221427660
14.9900000000 0.5181917042
15.0000000000 0.2888982631
15.0100000000 0.0313062389
15.0200000000 -0.2553318241
15.0300000000 -0.5668702555
15.0400000000 -0.8911144816
15.0500000000 -1.2065519274
15.0600000000 -1.4863518203
15.0700000000 -1.7077229516
15.0800000000 -1.8603887662
15.0900000000 -1.9476147920
15.1000000000 -1.9807048644
15.1100000000 -1.9726839349
15.1200000000 -1.9346641229
15.1300000000 -1.8748113869
15.1400000000 -1.7986079380
15.1500000000 -1.7094514794
15.1600000000 -1.6091936438
15.1700000000 -1.4985356823
15.1800000000 -1.3772973476
15.1900000000 -1.2445822522
15.2000000000 -1.0988601209
15.2100000000 -0.9379924917
15.2200000000 -0.7592430456
15.2300000000 -0.5593436089
15.2400000000 -0.3347469775
15.2500000000 -0.0822992877
15.2600000000 0.1993235545
15.2700000000 0.5071243450
15.2800000000 0.8306019314
15.2900000000 1.1498720241
15.3000000000 1.4385059313
15.3100000000 1.6721905689
15.3200000000 1.8379902227
15.3300000000 1.9369446193
15.3400000000 1.9793834260
15.3500000000 1.9783755433
15.3600000000 1.9455257099
15.3700000000 1.8895508145
15.3800000000 1.8163896974
15.3900000000 1.7297813010
15.4000000000 1.6318260892
15.4100000000 1.5234100345
15.4200000000 1.4044973115
15.4300000000 1.2743143936
15.4400000000 1.1314460155
15.4500000000 0.9738684858
15.4600000000 0.7989584159
15.4700000000 0.6035405802
15.4800000000 0.3840915421
15.4900000000 0.1373093655
15.5000000000 -0.1386237993
15.5100000000 -0.4417573932
15.5200000000 -0.7632358822
15.5300000000 -1.0849365042
15.5400000000 -1.3811844509
15.5500000000 -1.6264969202
15.5600000000 -1.8053403170
15.5700000000 -1.9163011852
15.5800000000 -1.9684587468
15.5900000000 -1.9747626155
15.6000000000 -1.9472621054
15.6100000000 -1.8952360168
15.6200000000 -1.8251072049
15.6300000000 -1.7409810221
15.6400000000 -1.6452248365
15.6500000000 -1.5389202623
15.6600000000 -1.4221805477
15.6700000000 -1.2943543214
15.6800000000 -1.1541362008
15.6900000000 -0.9996089425
15.7000000000 -0.8282528122
15.7100000000 -0.6369800913
15.7200000000 -0.4222994777
15.7300000000 -0.1808014329
15.7400000000 0.0897270280
15.7500000000 0.3882077800
15.7600000000 0.7072187612
15.7700000000 1.0302880778
15.7800000000 1.3326493698
15.7900000000 1.5880272467
15.8000000000 1.7786082392
15.8100000000 1.9005969194
15.8200000000 1.9617250127
15.8300000000 1.9747076351
15.8400000000 1.9519678907
15.8500000000 1.9033145360
15.8600000000 1.8356419863
15.8700000000 1.7534166800
15.8800000000 1.6592695815
15.8900000000 1.5544750782
15.9000000000 1.4392925598
15.9100000000 1.3131895390
15.9200000000 1.1749668086
15.9300000000 1.0228097328
15.9400000000 0.8542994162
15.9500000000 0.6664367860
15.9600000000 0.4557740015
15.9700000000 0.2188266860
15.9800000000 -0.0469437260
15.9900000000 -0.3412172661
16.0000000000 -0.6578775193
16.0100000000 -0.9820639767
16.0200000000 -1.2900818667
16.0300000000 -1.5551775933
16.0400000000 -1.7574801428
16.0500000000 -1.8907944475
16.0600000000 -1.9613482867
16.0700000000 -1.9814840460
16.0800000000 -1.9639321216
16.0900000000 -1.9190158097
16.1000000000 -1.8541067921
16.1100000000 -1.7740426355
16.1200000000 -1.6817264745
16.1300000000 -1.5786318397
16.1400000000 -1.4651691781
16.1500000000 -1.3409292679
16.1600000000 -1.2048238240
16.1700000000 -1.0551469568
16.1800000000 -0.8895895713
16.1900000000 -0.7052552489
16.2000000000 -0.4987620744
16.2100000000 -0.2665860996
16.2200000000 -0.0059133770
16.2300000000 0.2836402271
16.2400000000 0.5972520998
16.2500000000 0.9217934783
16.2600000000 1.2349509740
16.2700000000 1.5098562546
16.2800000000 1.7247028414
16.2900000000 1.8706701505
16.3000000000 1.9521227068
16.3100000000 1.9807769787
16.3200000000 1.9695781178
16.3300000000 1.9293710107
16.3400000000 1.8680464740
16.3500000000 1.7908563449
16.3600000000 1.7010097005
16.3700000000 1.6002027321
16.3800000000 1.4890119637
16.3900000000 1.3671600217
16.4000000000 1.2336735949
16.4100000000 1.0869568587
16.4200000000 0.9248111430
16.4300000000 0.7444456390
16.4400000000 0.5425549277
16.4500000000 0.3156027127
16.4600000000 0.0605561949
16.4700000000 -0.2235786366
16.4800000000 -0.5331625235
16.4900000000 -0.8567589864
16.5000000000 -1.1735934489
16.5100000000 -1.4570326346
16.5200000000 -1.6836299454
16.5300000000 -1.8419474912
16.5400000000 -1.9342739834
16.5500000000 -1.9714821959
16.5600000000 -1.9666164928
16.5700000000 -1.9310141304
16.5800000000 -1.8730955952
16.5900000000 -1.7985469926
16.6000000000 -1.7109007096
16.6100000000 -1.6120873394
16.6200000000 -1.5028555128
16.6300000000 -1.3830605429
16.6400000000 -1.2518403548
16.6500000000 -1.1077015942
16.6600000000 -0.9485457204
16.6700000000 -0.7716770492
16.6800000000 -0.5738616838
16.6900000000 -0.3515633954
16.7000000000 -0.1015814102
16.7100000000 0.1775712716
16.7200000000 0.4832444850
16.7300000000 0.8054797801
16.7400000000 1.1249642861
16.7500000000 1.4154968451
16.7600000000 1.6523621004
16.7700000000 1.8217762080
16.7800000000 1.9240002683
16.7900000000 1.9689841995
16.8000000000 1.9697835410
16.8100000000 1.9381720508
16.8200000000 1.8830707198
16.8300000000 1.8105846587
16.8400000000 1.7245604025
16.8500000000 1.6271566359
16.8600000000 1.5192894403
16.8700000000 1.4009432173
16.8800000000 1.2713642000
16.8900000000 1.1291591154
16.9000000000 0.9723280609
16.9100000000 0.7982711881
16.9200000000 0.6038321322
16.9300000000 0.3854921603
16.9400000000 0.1399212616
16.9500000000 -0.1347901946
16.9600000000 -0.4368837431
16.9700000000 -0.7578043041
16.9800000000 -1.0797510555
16.9900000000 -1.3771862385
17.0000000000 -1.6244030958
17.0100000000 -1.8053686845
17.0200000000 -1.9181968007
17.0300000000 -1.9717345549
17.0400000000 -1.9789323605
17.0500000000 -1.9519603668
17.0600000000 -1.9002416984
17.0700000000 -1.8303152124
17.0800000000 -1.7463564457
17.0900000000 -1.6507637194
17.1000000000 -1.5446290700
17.1100000000 -1.4280725971
17.1200000000 -1.3004547386
17.1300000000 -1.1604886356
17.1400000000 -1.0062810613
17.1500000000 -0.8353394016
17.1600000000 -0.6446019450
17.1700000000 -0.4305934954
17.1800000000 -0.1898927338
17.1900000000 0.0797851138
17.2000000000 0.3775376110
17.2100000000 0.6962494421
17.2200000000 1.0198269224
17.2300000000 1.3237504663
17.2400000000 1.5816247707
17.2500000000 1.7751524610
17.2600000000 1.8999848715
17.2700000000 1.9635161058
17.2800000000 1.9783908796
17.2900000000 1.9571248828
17.3000000000 1.9096695368
17.3100000000 1.8430443799
17.3200000000 1.7617967042
17.3300000000 1.6685964327
17.3400000000 1.5647329603
17.3500000000 1.4504748494
17.3600000000 1.3253029505
17.3700000000 1.1880383629
17.3800000000 1.0368932135
17.3900000000 0.8694801268
17.4000000000 0.6828329712
17.4100000000 0.4735305636
17.4200000000 0.2380917510
17.4300000000 -0.0260754249
17.4400000000 -0.3188119432
17.4500000000 -0.6343161735
17.4600000000 -0.9581663652
17.4700000000 -1.2670380053
17.4800000000 -1.5341880262
17.4900000000 -1.7393010269
17.5000000000 -1.8755496702
17.5100000000 -1.9486996306
17.5200000000 -1.9709305093
17.5300000000 -1.9550245105
17.5400000000 -1.9114415375
17.5500000000 -1.8476872411
17.5600000000 -1.7686916819
17.5700000000 -1.6774055332
17.5800000000 -1.5753208620
17.5900000000 -1.4628559005
17.6000000000 -1.3396091740
17.6100000000 -1.2045033505
17.6200000000 -1.0558463589
17.6300000000 -0.8913445043
17.6400000000 -0.7081166229
17.6500000000 -0.5027927734
17.6600000000 -0.2718511072
17.6700000000 -0.0124571721
17.6800000000 0.2758362041
17.6900000000 0.5883314075
17.7000000000 0.9120785985
17.7100000000 1.2249246376
17.7200000000 1.5000211724
17.7300000000 1.7153870513
17.7400000000 1.8619329752
17.7500000000 1.9438197142
17.7600000000 1.9726945498
17.7700000000 1.9615372434
17.7800000000 1.9212706982
17.7900000000 1.8598598287
17.8000000000 1.7826009699
17.8100000000 1.6927146124
17.8200000000 1.5918880590
17.8300000000 1.4806843195
17.8400000000 1.3588166306
17.8500000000 1.2253078000
17.8600000000 1.0785616056
17.8700000000 0.9163800520
17.8800000000 0.7359723940
17.8900000000 0.5340318856
17.9000000000 0.3070197728
17.9100000000 0.0519015511
17.9200000000 -0.2323131507
17.9300000000 -0.5419682077
17.9400000000 -0.8655891101
17.9500000000 -1.1823448093
17.9600000000 -1.4655514388
17.9700000000 -1.6917516449
17.9800000000 -1.8495457024
17.9900000000 -1.9412844998
18.0000000000 -1.9778990654
18.0100000000 -1.9724794952
18.0200000000 -1.9363981192
18.0300000000 -1.8780968574
18.0400000000 -1.8032618182
18.0500000000 -1.7154031740
18.0600000000 -1.6164181931
18.0700000000 -1.5070253280
18.0800000000 -1.3870606867
18.0900000000 -1.2556543689
18.1000000000 -1.1113135614
18.1100000000 -0.9519454529
18.1200000000 -0.7748630087
18.1300000000 -0.5768422801
18.1400000000 -0.3543564512
18.1500000000 -0.1042103599
18.1600000000 0.1750872038
18.1700000000 0.4809088598
18.1800000000 0.8033438650
18.1900000000 1.1231427485
18.2000000000 1.4141487693
18.2100000000 1.6516330769
18.2200000000 1.8217423772
18.2300000000 1.9246597137
18.2400000000 1.9702928234
18.2500000000 1.9717005173
18.2600000000 1.9406887507
18.2700000000 1.8862145077
18.2800000000 1.8144011115
18.2900000000 1.7290881239
18.3000000000 1.6324111025
18.3100000000 1.5252617934
18.3200000000 1.4076085522
18.3300000000 1.2786916814
18.3400000000 1.1371199903
18.3500000000 0.9809011155
18.3600000000 0.8074464979
18.3700000000 0.6136137764
18.3800000000 0.3958996174
18.3900000000 0.1509875421
18.4000000000 -0.1230280530
18.4100000000 -0.4244081508
18.4200000000 -0.7446572327
18.4300000000 -1.0660759692
18.4400000000 -1.3632318165
18.4500000000 -1.6104576830
18.4600000000 -1.7916613164
18.4700000000 -1.9048441930
18.4800000000 -1.9587626731
18.4900000000 -1.9663335906
18.5000000000 -1.9397404571
18.5100000000 -1.8884366749
18.5200000000 -1.8189800532
18.5300000000 -1.7355410585
18.5400000000 -1.6404947550
18.5500000000 -1.5349055640
18.5600000000 -1.4188710839
18.5700000000 -1.2917362064
18.5800000000 -1.1522030997
18.5900000000 -0.9983692492
18.6000000000 -0.8277329170
18.6100000000 -0.6372242066
18.6200000000 -0.4233649729
18.6300000000 -0.1827461789
18.6400000000 0.0868712975
18.6500000000 0.3844813015
18.6600000000 0.7027916833
18.6700000000 1.0254928056
18.6800000000 1.3279246957
18.6900000000 1.5837600752
18.7000000000 1.7749772585
18.7100000000 1.8975471119
18.7200000000 1.9590707888
18.7300000000 1.9722629124
18.7400000000 1.9496295145
18.7500000000 1.9010835166
18.7600000000 1.8335937408
18.7700000000 1.7516460697
18.7800000000 1.6578446811
18.7900000000 1.5534200656
18.8000000000 1.4385954935
18.8100000000 1.3128193853
18.8200000000 1.1748884557
18.8300000000 1.0229935978
18.8400000000 0.8547265165
18.8500000000 0.6671009880
18.8600000000 0.4566824737
18.8700000000 0.2199983984
18.8800000000 -0.0454830272
18.8900000000 -0.3394463242
18.9000000000 -0.6557986312
18.9100000000 -0.9797241095
18.9200000000 -1.2875775931
18.9300000000 -1.5526259076
18.9400000000 -1.7549683170
18.9500000000 -1.8883518200
18.9600000000 -1.9589635057
18.9700000000 -1.9791500841
18.9800000000 -1.9616878576
18.9900000000 -1.9169612352
19.0000000000 -1.8523822153
19.0100000000 -1.7727833989
19.0200000000 -1.6810224214
19.0300000000 -1.5785132624
19.0400000000 -1.4656171375
19.0500000000 -1.3418951080
19.0600000000 -1.2062461896
19.0700000000 -1.0569627414
19.0800000000 -0.8917400180
19.0900000000 -0.7076897604
19.1000000000 -0.5014422486
19.1100000000 -0.2694922936
19.1200000000 -0.0090557204
19.1300000000 0.2802063021
19.1400000000 0.5934115830
19.1500000000 0.9173749424
19.1600000000 1.2297674124
19.1700000000 1.5037787563
19.1800000000 1.7177174939
19.1900000000 1.8628720987
19.2000000000 1.9436668545
19.2100000000 1.9718397637
19.2200000000 1.9603513293
19.2300000000 1.9200663655
19.2400000000 1.8588822814
19.2500000000 1.7820219414
19.2600000000 1.6926304706
19.2700000000 1.5923281963
19.2800000000 1.4816272590
19.2900000000 1.3602063873
19.3000000000 1.2270657433
19.3100000000 1.0805933463
19.3200000000 0.9185792635
19.3300000000 0.7382244716
19.3400000000 0.5362213726
19.3500000000 0.3090474007
19.3600000000 0.0537192110
19.3700000000 -0.2306415510
19.3800000000 -0.5401848839
19.3900000000 -0.8631823790
19.4000000000 -1.1786012227
19.4100000000 -1.4597802285
19.4200000000 -1.6835720827
19.4300000000 -1.8390088426
19.4400000000 -1.9287572482
19.4500000000 -1.9638622011
19.4600000000 -1.9573907908
19.4700000000 -1.9206423456
19.4800000000 -1.8619764799
19.4900000000 -1.7869942905
19.5000000000 -1.6991210646
19.5100000000 -1.6001778699
19.5200000000 -1.4908223912
19.5300000000 -1.3708449610
19.5400000000 -1.2393395344
19.5500000000 -1.0947808341
19.5600000000 -0.9350434342
19.5700000000 -0.7574074496
19.5800000000 -0.5586218726
19.5900000000 -0.3351554616
19.6000000000 -0.0838662792
19.6100000000 0.1965672733
19.6200000000 0.5031632980
19.6300000000 0.8254606273
19.6400000000 1.1436325235
19.6500000000 1.4312941815
19.6600000000 1.6641265517
19.6700000000 1.8291401458
19.6800000000 1.9273199089
19.6900000000 1.9689868314
19.7000000000 1.9672600023
19.7100000000 1.9338306746
19.7200000000 1.8774928964
19.7300000000 1.8042079616
19.7400000000 1.7176693308
19.7500000000 1.6198911946
19.7600000000 1.5116727591
19.7700000000 1.3929150429
19.7800000000 1.2628077015
19.7900000000 1.1199169036
19.8000000000 0.9622097052
19.8100000000 0.7870574283
19.8200000000 0.5912831624
19.8300000000 0.3713713657
19.8400000000 0.1240524621
19.8500000000 -0.1524084470
19.8600000000 -0.4558951340
19.8700000000 -0.7772936799
19.8800000000 -1.0981983480
19.8900000000 -1.3927967449
19.9000000000 -1.6357658779
19.9100000000 -1.8119723546
19.9200000000 -1.9204092799
19.9300000000 -1.9704023671
19.9400000000 -1.9749950797
19.9500000000 -1.9462557304
19.9600000000 -1.8934474593
19.9700000000 -1.8229356434
19.9800000000 -1.7387191978
19.9900000000 -1.6430328763
20.0000000000 -1.5368363172
20.0100000000 -1.4201540283
20.0200000000 -1.2922804148
20.0300000000 -1.1518804202
20.0400000000 -0.9970210338
20.0500000000 -0.8251743372
20.0600000000 -0.6332516791
20.0700000000 -0.4177752623
20.0800000000 -0.1753809665
20.0900000000 0.0960368009
20.1000000000 0.3951943218
20.1100000000 0.7143557633
20.1200000000 1.0367090200
20.1300000000 1.3373268938
20.1400000000 1.5901452465
20.1500000000 1.7778705546
20.1600000000 1.8972334575
20.1700000000 1.9562687642
20.1800000000 1.9677767234
20.1900000000 1.9441602868
20.2000000000 1.8951732750
20.2100000000 1.8276243237
20.2200000000 1.7458535774
20.2300000000 1.6523424284
20.2400000000 1.5482268892
20.2500000000 1.4336621422
20.2600000000 1.3080473917
20.2700000000 1.1701406357
20.2800000000 1.0180985549
20.2900000000 0.8494810480
20.3000000000 0.6612759075
20.3100000000 0.4500407534
20.3200000000 0.2123405095
20.3300000000 -0.0542252671
20.3400000000 -0.3490504912
20.3500000000 -0.6655531893
20.3600000000 -0.9883225685
20.3700000000 -1.2933274535
20.3800000000 -1.5540333177
20.3900000000 -1.7513333389
20.4000000000 -1.8798968146
20.4100000000 -1.9464930192
20.4200000000 -1.9636241122
20.4300000000 -1.9439666131
20.4400000000 -1.8977199285
20.4500000000 -1.8321056098
20.4600000000 -1.7517844888
20.4700000000 -1.6594702494
20.4800000000 -1.5564647641
20.4900000000 -1.4430455081
20.5000000000 -1.3187089563
20.5100000000 -1.1822985798
20.5200000000 -1.0320526670
20.5300000000 -0.8656106932
20.5400000000 -0.6800304353
20.5500000000 -0.4719053248
20.5600000000 -0.2377470349
20.5700000000 0.0250875875
20.5800000000 0.3165655951
20.5900000000 0.6311073039
20.6000000000 0.9545712773
20.6100000000 1.2638283528
20.6200000000 1.5320615150
20.6300000000 1.7385904930
20.6400000000 1.8761519949
20.6500000000 1.9502495203
20.6600000000 1.9730361974
20.6700000000 1.9574164250
20.6800000000 1.9140066066
20.6900000000 1.8504245032
20.7000000000 1.7716414038
20.7100000000 1.6805970362
20.7200000000 1.5787560537
20.7300000000 1.4665180452
20.7400000000 1.3434794007
20.7500000000 1.2085746538
20.7600000000 1.0601326282
20.7700000000 0.8958853288
20.7800000000 0.7129784001
20.7900000000 0.5080646018
20.8000000000 0.2776306213
20.8100000000 0.0188173334
20.8200000000 -0.2689100898
20.8300000000 -0.5810340614
20.8400000000 -0.9048664435
20.8500000000 -1.2184909815
20.8600000000 -1.4950900429
20.8700000000 -1.7124233113
20.8800000000 -1.8610022444
20.8900000000 -1.9446909999
20.9000000000 -1.9750516250
20.9100000000 -1.9651393057
20.9200000000 -1.9260076234
20.9300000000 -1.8657230281
20.9400000000 -1.7896190794
20.9500000000 -1.7009020520
20.9600000000 -1.6012277671
20.9700000000 -1.4911365951
20.9800000000 -1.3703367094
20.9900000000 -1.2378613470
21.0000000000 -1.0921354089
21.0100000000 -0.9309888464
21.0200000000 -0.7516627573
21.0300000000 -0.5508822043
21.0400000000 -0.3251317955
21.0500000000 -0.0713739566
21.0600000000 0.2114434417
21.0700000000 0.5198261942
21.0800000000 0.8425780516
21.0900000000 1.1591851017
21.1000000000 1.4431257478
21.1100000000 1.6707887131
21.1200000000 1.8303811843
21.1300000000 1.9238792172
21.1400000000 1.9620352056
21.1500000000 1.9579515883
21.1600000000 1.9231035057
21.1700000000 1.8660287868
21.1800000000 1.7924534402
21.1900000000 1.7058753722
21.2000000000 1.6081581878
21.2100000000 1.4999913174
21.2200000000 1.3811957619
21.2300000000 1.2508983484
21.2400000000 1.1076096554
21.2500000000 0.9492429240
21.2600000000 0.7731179860
21.2700000000 0.5760187389
21.2800000000 0.3544292737
21.2900000000 0.1051725371
21.3000000000 -0.1732114895
21.3100000000 -0.4780464062
21.3200000000 -0.7993593194
21.3300000000 -1.1178507021
21.3400000000 -1.4073669543
21.3500000000 -1.6432552230
21.3600000000 -1.8117777955
21.3700000000 -1.9132192250
21.3800000000 -1.9575553545
21.3900000000 -1.9578927811
21.4000000000 -1.9260709615
21.4100000000 -1.8710501787
21.4200000000 -1.7989119481
21.4300000000 -1.7134192669
21.4400000000 -1.6166249611
21.4500000000 -1.5093546136
21.4600000000 -1.3915328122
21.4700000000 -1.2623728677
21.4800000000 -1.1204650351
21.4900000000 -0.9638005455
21.5000000000 -0.7897739118
21.5100000000 -0.5952273256
21.5200000000 -0.3766526238
21.5300000000 -0.1307600393
21.5400000000 0.1442601667
21.5500000000 0.4464542796
21.5600000000 0.7669680710
21.5700000000 1.0876802978
21.5800000000 1.3829102176
21.5900000000 1.6271588086
21.6000000000 1.8048782960
21.6100000000 1.9146670656
21.6200000000 1.9656616709
21.6300000000 1.9709156212
21.6400000000 1.9426024139
21.6500000000 1.8900931742
21.6600000000 1.8198214483
21.6700000000 1.7358147855
21.6800000000 1.6403161717
21.6900000000 1.5342897435
21.7000000000 1.4177679110
21.7100000000 1.2900570318
21.7200000000 1.1498365618
21.7300000000 0.9951890089
21.7400000000 0.8236015275
21.7500000000 0.6319979153
21.7600000000 0.4169058098
21.7700000000 0.1749508624
21.7800000000 -0.0960129931
21.7900000000 -0.3947906804
21.8000000000 -0.7137891837
21.8100000000 -1.0363557160
21.8200000000 -1.3376407676
21.8300000000 -1.5914828851
21.8400000000 -1.7803468651
21.8500000000 -1.9007280210
21.8600000000 -1.9605518785
21.8700000000 -1.9726375387
21.8800000000 -1.9494681346
21.8900000000 -1.9008738883
21.9000000000 -1.8337040837
21.9100000000 -1.7523057915
21.9200000000 -1.6591524086
21.9300000000 -1.5553733688
21.9400000000 -1.4411253317
21.9500000000 -1.3158169638
21.9600000000 -1.1782215773
21.9700000000 -1.0265151047
21.9800000000 -0.8582791023
21.9900000000 -0.6705232395
22.0000000000 -0.4598223963
22.0100000000 -0.2227434929
22.0200000000 0.0431474492
22.0300000000 0.3373436193
22.0400000000 0.6534531436
22.0500000000 0.9763221039
22.0600000000 1.2821223406
22.0700000000 1.5443008910
22.0800000000 1.7434742849
22.0900000000 1.8739496866
22.1000000000 1.9422552852
22.1100000000 1.9608337678
22.1200000000 1.9424181631
22.1300000000 1.8972915708
22.1400000000 1.8327335057
22.1500000000 1.7534277498
22.1600000000 1.6620910073
22.1700000000 1.5600247935
22.1800000000 1.4475107624
22.1900000000 1.3240550869
22.2000000000 1.1885149930
22.2100000000 1.0391451596
22.2200000000 0.8736031407
22.2300000000 0.6889653277
22.2400000000 0.4818415261
22.2500000000 0.2487508095
22.2600000000 -0.0129653721
22.2700000000 -0.3033347765
22.2800000000 -0.6169069704
22.2900000000 -0.9397326592
22.3000000000 -1.2488618259
22.3100000000 -1.5175138729
22.3200000000 -1.7248432839
22.3300000000 -1.8633232772
22.3400000000 -1.9382589187
22.3500000000 -1.9617395798
22.3600000000 -1.9467029135
22.3700000000 -1.9038252681
22.3800000000 -1.8407637537
22.3900000000 -1.7624984220
22.4000000000 -1.6719604810
22.4100000000 -1.5706041012
22.4200000000 -1.4588233746
22.4300000000 -1.3362141543
22.4400000000 -1.2017129270
22.4500000000 -1.0536507161
22.4600000000 -0.8897607019
22.4700000000 -0.7071883876
22.4800000000 -0.5025858323
22.4900000000 -0.2724407620
22.5000000000 -0.0139016301
22.5100000000 0.2735442224
22.5200000000 0.5853332090
22.5300000000 0.9087064099
22.5400000000 1.2216752479
22.5500000000 1.4973960676
22.5600000000 1.7136815462
22.5700000000 1.8611517091
22.5800000000 1.9437797088
22.5900000000 1.9732042256
22.6000000000 1.9625216638
22.6100000000 1.9227937763
22.6200000000 1.8620631916
22.6300000000 1.7856172279
22.6400000000 1.6966114333
22.6500000000 1.5966610059
22.6600000000 1.4862803140
22.6700000000 1.3651633482
22.6800000000 1.2323360804
22.6900000000 1.0862190206
22.7000000000 0.9246381896
22.7100000000 0.7448304579
22.7200000000 0.5435175179
22.7300000000 0.3171855224
22.7400000000 0.0628121132
22.7500000000 -0.2206111043
22.7600000000 -0.5295003522
22.7700000000 -0.8525214398
22.7800000000 -1.1690168931
22.7900000000 -1.4524084740
22.8000000000 -1.6791834739
22.8100000000 -1.8377585041
22.8200000000 -1.9303125549
22.8300000000 -1.9677216106
22.8400000000 -1.9631337377
22.8500000000 -1.9280164864
22.8600000000 -1.8708639613
22.8700000000 -1.7973379836
22.8800000000 -1.7108712813
22.8900000000 -1.6132764173
22.9000000000 -1.5052105413
22.9100000000 -1.3864779911
22.9200000000 -1.2561991610
22.9300000000 -1.1128840345
22.9400000000 -0.9544485206
22.9500000000 -0.7782174234
22.9600000000 -0.5809822787
22.9700000000 -0.3592390340
22.9800000000 -0.1098293155
22.9900000000 0.1686786161
23.0000000000 0.4735705955
23.0100000000 0.7948356650
23.0200000000 1.1131587703
23.0300000000 1.4024186369
23.0400000000 1.6380407601
23.0500000000 1.8063733978
23.0600000000 1.9077577389
23.0700000000 1.9521942247
23.0800000000 1.9527968846
23.0900000000 1.9213993177
23.1000000000 1.8669360629
23.1100000000 1.7954438906
23.1200000000 1.7106353526
23.1300000000 1.6145213114
23.1400000000 1.5078995142
23.1500000000 1.3906788448
23.1600000000 1.2620644100
23.1700000000 1.1206418170
23.1800000000 0.9643989790
23.1900000000 0.7907280095
23.2000000000 0.5964712226
23.2100000000 0.3781275082
23.2200000000 0.1324296267
23.2300000000 -0.1423808416
23.2400000000 -0.4442561811
23.2500000000 -0.7642073666
23.2600000000 -1.0839829737
23.2700000000 -1.3778690153
23.2800000000 -1.6204964112
23.2900000000 -1.7965580609
23.3000000000 -1.9048714457
23.3100000000 -1.9546908044
23.3200000000 -1.9590961741
23.3300000000 -1.9302341574
23.3400000000 -1.8774181913
23.3500000000 -1.8070074591
23.3600000000 -1.7229550624
23.3700000000 -1.6274432802
23.3800000000 -1.5213934893
23.3900000000 -1.4048095198
23.4000000000 -1.2769769617
23.4100000000 -1.1365568877
23.4200000000 -0.9816124996
23.4300000000 -0.8096099417
23.4400000000 -0.6174530630
23.4500000000 -0.4016595472
23.4600000000 -0.1588749097
23.4700000000 0.1129613179
23.4800000000 0.4124537448
23.4900000000 0.7316647914
23.5000000000 1.0535210496
23.5100000000 1.3529021113
23.5200000000 1.6037808413
23.5300000000 1.7891537390
23.5400000000 1.9061292680
23.5500000000 1.9630313086
23.5600000000 1.9728093996
23.5700000000 1.9479048791
23.5800000000 1.8980293277
23.5900000000 1.8298923780
23.6000000000 1.7477125779
23.6100000000 1.6538628950
23.6200000000 1.5494031082
23.6300000000 1.4344442733
23.6400000000 1.3083642173
23.6500000000 1.1699124555
23.6600000000 1.0172432536
23.6700000000 0.8479167399
23.6800000000 0.6589232629
23.6900000000 0.4468284057
23.7000000000 0.2082181683
23.7100000000 -0.0592599487
23.7200000000 -0.3549070517
23.7300000000 -0.6719942171
23.7400000000 -0.9949391127
23.7500000000 -1.2996060036
23.7600000000 -1.5595270133
23.7700000000 -1.7558325134
23.7800000000 -1.8834719155
23.7900000000 -1.9494159206
23.8000000000 -1.9662649031
23.8100000000 -1.9467165503
23.8200000000 -1.9009307468
23.8300000000 -1.8360392687
23.8400000000 -1.7565890502
23.8500000000 -1.6651894626
23.8600000000 -1.5630678914
23.8700000000 -1.4504586793
23.8800000000 -1.3268381388
23.8900000000 -1.1910432224
23.9000000000 -1.0413129529
23.9100000000 -0.8752918520
23.9200000000 -0.6900471770
23.9300000000 -0.4821893741
23.9400000000 -0.2482610998
23.9500000000 0.0143262402
23.9600000000 0.3054524263
23.9700000000 0.6194214426
23.9800000000 0.9419843171
23.9900000000 1.2499912892
24.0000000000 1.5167552735
24.0100000000 1.7218375610
24.0200000000 1.8582025891
24.0300000000 1.9314832543
24.0400000000 1.9538739169
24.0500000000 1.9382700606
24.0600000000 1.8952397985
24.0700000000 1.8323124508
24.0800000000 1.7543478749
24.0900000000 1.6641809641
24.1000000000 1.5631975719
24.1100000000 1.4517461048
24.1200000000 1.3293907384
24.1300000000 1.1950428156
24.1400000000 1.0470099573
24.1500000000 0.8830018828
24.1600000000 0.7001424738
24.1700000000 0.4950717818
24.1800000000 0.2642931097
24.1900000000 0.0050318638
24.2000000000 -0.2830361251
24.2100000000 -0.5950039518
24.2200000000 -0.9176497272
24.2300000000 -1.2286049015
24.2400000000 -1.5010403128
24.2500000000 -1.7132897538
24.2600000000 -1.8567146018
24.2700000000 -1.9358454804
24.2800000000 -1.9625415044
24.2900000000 -1.9498712443
24.3000000000 -1.9087534916
24.3100000000 -1.8470570868
24.3200000000 -1.7699081266
24.3300000000 -1.6803338591
24.3400000000 -1.5798574075
24.3500000000 -1.4689295153
24.3600000000 -1.3471977604
24.3700000000 -1.2136491672
24.3800000000 -1.0666661859
24.3900000000 -0.9040346412
24.4000000000 -0.7229506217
24.4100000000 -0.5201037144
24.4200000000 -0.2919800915
24.4300000000 -0.0356367294
24.4400000000 0.2496997337
24.4500000000 0.5599730604
24.4600000000 0.8831476761
24.4700000000 1.1978859818
24.4800000000 1.4774300627
24.4900000000 1.6988791446
24.5000000000 1.8517402357
24.5100000000 1.9391286938
24.5200000000 1.9723664550
24.5300000000 1.9646320159
24.5400000000 1.9272140841
24.5500000000 1.8683676726
24.5600000000 1.7935309358
24.5700000000 1.7059595469
24.5800000000 1.6073401173
24.5900000000 1.4982447991
24.6000000000 1.3784195217
24.6100000000 1.2469404437
24.6200000000 1.1022789839
24.6300000000 0.9423137457
24.6400000000 0.7643337128
24.6500000000 0.5651033190
24.6600000000 0.3411196691
24.6700000000 0.0892938355
24.6800000000 -0.1916021089
24.6900000000 -0.4984411731
24.7000000000 -0.8205854630
24.7100000000 -1.1380800314
24.7200000000 -1.4245780019
24.7300000000 -1.6560046831
24.7400000000 -1.8197061451
24.7500000000 -1.9169337046
24.7600000000 -1.9581492496
24.7700000000 -1.9565187279
24.7800000000 -1.9237113666
24.7900000000 -1.8684302300
24.8000000000 -1.7964914288
24.8100000000 -1.7114309834
24.8200000000 -1.6151337402
24.8300000000 -1.5083130427
24.8400000000 -1.3908212056
24.8500000000 -1.2618224492
24.8600000000 -1.1198688617
24.8700000000 -0.9629179055
24.8800000000 -0.7883342927
24.8900000000 -0.5929419420
24.9000000000 -0.3732462949
24.9100000000 -0.1260437561
24.9200000000 0.1502508645
24.9300000000 0.4532478970
24.9400000000 0.7734431647
24.9500000000 1.0920577276
24.9600000000 1.3831894216
24.9700000000 1.6218929758
24.9800000000 1.7937225671
24.9900000000 1.8982923239
25.0000000000 1.9452613113
25.0100000000 1.9477490544
25.0200000000 1.9177474540
25.0300000000 1.8643548289
25.0400000000 1.7937245920
25.0500000000 1.7096436896
25.0600000000 1.6141740010
25.0700000000 1.5081539804
25.0800000000 1.3915287564
25.0900000000 1.2635374963
25.1000000000 1.1227987783
25.1100000000 0.9673328150
25.1200000000 0.7945623499
25.1300000000 0.6013543931
25.1400000000 0.3842157145
25.1500000000 0.1398476753
25.1600000000 -0.1336168133
25.1700000000 -0.4343616627
25.1800000000 -0.7537642140
25.1900000000 -1.0739705471
25.2000000000 -1.3694448821
25.2100000000 -1.6145612690
25.2200000000 -1.7934229061
25.2300000000 -1.9042917378
25.2400000000 -1.9561588878
25.2500000000 -1.9621137615
25.2600000000 -1.9344315894
25.2700000000 -1.8825532107
25.2800000000 -1.8129223608
25.2900000000 -1.7295417509
25.3000000000 -1.6346271919
25.3100000000 -1.5291294140
25.3200000000 -1.4130818031
25.3300000000 -1.2858007405
25.3400000000 -1.1459796142
25.3500000000 -0.9917155363
25.3600000000 -0.8205092294
25.3700000000 -0.6292959629
25.3800000000 -0.4146114521
25.3900000000 -0.1730836919
25.4000000000 0.0974406302
25.4100000000 0.3957876662
25.4200000000 0.7143998953
25.4300000000 1.0366619028
25.4400000000 1.3377362005
25.4500000000 1.5914283795
25.4600000000 1.7801468172
25.4700000000 1.9003603649
25.4800000000 1.9600300049
25.4900000000 1.9720520119
25.5000000000 1.9489751623
25.5100000000 1.9006405308
25.5200000000 1.8338515758
25.5300000000 1.7528851228
25.5400000000 1.6601536640
25.5500000000 1.5567498267
25.5600000000 1.4428158265
25.5700000000 1.3177605204
25.5800000000 1.1803650513
25.5900000000 1.0288164499
25.6000000000 0.8607085074
25.6100000000 0.6730635219
25.6200000000 0.4624693036
25.6300000000 0.2255059292
25.6400000000 -0.0402479839
25.6500000000 -0.3342760165
25.6600000000 -0.6501842937
25.6700000000 -0.9728295871
25.6800000000 -1.2784071577
25.6900000000 -1.5403914475
25.7000000000 -1.7394219524
25.7100000000 -1.8698308013
25.7200000000 -1.9381880020
25.7300000000 -1.9569924263
25.7400000000 -1.9390176513
25.7500000000 -1.8945385533
25.7600000000 -1.8307749338
25.7700000000 -1.7523287101
25.7800000000 -1.6618454604
25.7900000000 -1.5605813332
25.8000000000 -1.4487965829
25.8100000000 -1.3259916948
25.8200000000 -1.1910263262
25.8300000000 -1.0421609716
25.8400000000 -0.8770603242
25.8500000000 -0.6928092715
25.8600000000 -0.4860293852
25.8700000000 -0.2532588074
25.8800000000 0.0081283413
25.8900000000 0.2981066411
25.9000000000 0.6111513454
25.9100000000 0.9332370871
25.9200000000 1.2413833575
25.9300000000 1.5088725822
25.9400000000 1.7150083608
25.9500000000 1.8524318140
25.9600000000 1.9265754615
25.9700000000 1.9496013001
25.9800000000 1.9344650998
25.9900000000 1.8918025381
26.0000000000 1.8291810898
26.0100000000 1.7514741119
26.0200000000 1.6615216932
26.0300000000 1.5607165525
26.0400000000 1.4494177691
26.0500000000 1.3272027003
26.0600000000 1.1929967462
26.0700000000 1.0451213971
26.0800000000 0.8812993345
26.0900000000 0.6986654639
26.1000000000 0.4938666387
26.1100000000 0.2634039166
26.1200000000 0.0044827057
26.1300000000 -0.2832710643
26.1400000000 -0.5950388071
26.1500000000 -0.9177112971
26.1600000000 -1.2290007282
26.1700000000 -1.5020519087
26.1800000000 -1.7150553735
26.1900000000 -1.8592039415
26.2000000000 -1.9389385296
26.2100000000 -1.9661263226
26.2200000000 -1.9538885856
26.2300000000 -1.9131849699
26.2400000000 -1.8518936634
26.2500000000 -1.7751301655
26.2600000000 -1.6859092915
26.2700000000 -1.5857494606
26.2800000000 -1.4751054041
26.2900000000 -1.3536349143
26.3000000000 -1.2203390079
26.3100000000 -1.0736164235
26.3200000000 -0.9112707342
26.3300000000 -0.7305162068
26.3400000000 -0.5280585107
26.3500000000 -0.3003917370
26.3600000000 -0.0445601768
26.3700000000 0.2402634478
26.3800000000 0.5501409608
26.3900000000 0.8732189824
26.4000000000 1.1883424999
26.4100000000 1.4688114921
26.4200000000 1.6915826444
26.4300000000 1.8459046839
26.4400000000 1.9346866532
26.4500000000 1.9691775334
26.4600000000 1.9625772361
26.4700000000 1.9262162957
26.4800000000 1.8683720475
26.4900000000 1.7944854875
26.5000000000 1.7078098506
26.5100000000 1.6100333308
26.5200000000 1.5017353609
26.5300000000 1.3826731001
26.5400000000 1.2519359744
26.5500000000 1.1080096544
26.5600000000 0.9487875984
26.5700000000 0.7715739261
26.5800000000 0.5731473221
26.5900000000 0.3500148324
26.6000000000 0.0990853703
26.6100000000 -0.1808973856
26.6200000000 -0.4868794008
26.6300000000 -0.8083479978
26.6400000000 -1.1254927956
26.6500000000 -1.4120458457
26.6600000000 -1.6438728919
26.6700000000 -1.8081556501
26.6800000000 -1.9059928729
26.6900000000 -1.9477812811
26.7000000000 -1.9466926964
26.7100000000 -1.9144184499
26.7200000000 -1.8596669508
26.7300000000 -1.7882434305
26.7400000000 -1.7036703014
26.7500000000 -1.6078246656
26.7600000000 -1.5014187892
26.7700000000 -1.3843078039
26.7800000000 -1.2556597443
26.7900000000 -1.1140296422
26.8000000000 -0.9573761751
26.8100000000 -0.7830634851
26.8200000000 -0.5879139372
26.8300000000 -0.3684326215
26.8400000000 -0.1214214550
26.8500000000 0.1546850202
26.8600000000 0.4574519416
26.8700000000 0.7772982755
26.8800000000 1.0953535408
26.8900000000 1.3856612181
26.9000000000 1.6233140348
26.9100000000 1.7939935298
26.9200000000 1.8974657213
26.9300000000 1.9435030061
26.9400000000 1.9452753444
26.9500000000 1.9147655866
26.9600000000 1.8610221945
26.9700000000 1.7901347900
26.9800000000 1.7058350619
26.9900000000 1.6101475030
27.0000000000 1.5038895246
27.0100000000 1.3869958849
27.0200000000 1.2587007078
27.0300000000 1.1176192274
27.0400000000 0.9617680260
27.0500000000 0.7885653208
27.0600000000 0.5948736185
27.0700000000 0.3771985451
27.0800000000 0.1322512046
27.0900000000 -0.1418011745
27.1000000000 -0.4430650715
27.1100000000 -0.7627867778
27.1200000000 -1.0829553273
27.1300000000 -1.3779385292
27.1400000000 -1.6221688808
27.1500000000 -1.7999576749
27.1600000000 -1.9098097744
27.1700000000 -1.9608852110
27.1800000000 -1.9663373506
27.1900000000 -1.9384209946
27.2000000000 -1.8865075528
27.2100000000 -1.8169581669
27.2200000000 -1.7337056750
27.2300000000 -1.6389186852
27.2400000000 -1.5335212858
27.2500000000 -1.4175342692
27.2600000000 -1.2902694846
27.2700000000 -1.1504198895
27.2800000000 -0.9960841845
27.2900000000 -0.8247660209
27.3000000000 -0.6334054047
27.3100000000 -0.4185462836
27.3200000000 -0.1768315721
27.3300000000 0.0938657950
27.3400000000 0.3923302521
27.3500000000 0.7109498085
27.3600000000 1.0330615537
27.3700000000 1.3338247614
27.3800000000 1.5871123842
27.3900000000 1.7754496394
27.4000000000 1.8954171005
27.4100000000 1.9550447730
27.4200000000 1.9672486735
27.4300000000 1.9445538052
27.4400000000 1.8967462794
27.4500000000 1.8305640160
27.4600000000 1.7502274602
27.4700000000 1.6581107831
27.4800000000 1.5552848970
27.4900000000 1.4418812291
27.5000000000 1.3173034085
27.5100000000 1.1803293669
27.5200000000 1.0291431694
27.5300000000 0.8613355943
27.5400000000 0.6739271387
27.5500000000 0.4635085327
27.5600000000 0.2266746180
27.5700000000 -0.0389573037
27.5800000000 -0.3327928349
27.5900000000 -0.6483136219
27.6000000000 -0.9702326564
27.6100000000 -1.2746635167
27.6200000000 -1.5351526564
27.6300000000 -1.7325627454
27.6400000000 -1.8614822552
27.6500000000 -1.9286534223
27.6600000000 -1.9466320164
27.6700000000 -1.9281604836
27.6800000000 -1.8834339570
27.6900000000 -1.8195798518
27.7000000000 -1.7411206533
27.7100000000 -1.6506455444
27.7200000000 -1.5493749541
27.7300000000 -1.4375467628
27.7400000000 -1.3146453869
27.7500000000 -1.1795157645
27.7600000000 -1.0304021951
27.7700000000 -0.8649508880
27.7800000000 -0.6802277707
27.7900000000 -0.4728414110
27.8000000000 -0.2393378435
27.8100000000 0.0228514447
27.8200000000 0.3135511369
27.8300000000 0.6269563055
27.8400000000 0.9486599161
27.8500000000 1.2553672446
27.8600000000 1.5203683599
27.8700000000 1.7233821939
27.8800000000 1.8576424941
27.8900000000 1.9290347639
27.9000000000 1.9499078411
27.9100000000 1.9331949195
27.9200000000 1.8894040295
27.9300000000 1.8259508266
27.9400000000 1.7475781562
27.9500000000 1.6570321224
27.9600000000 1.5556444121
27.9700000000 1.4437356635
27.9800000000 1.3208574675
27.9900000000 1.1859150241
28.0000000000 1.0372109160
28.0100000000 0.8724484544
28.0200000000 0.6887438790
28.0300000000 0.4827319642
28.0400000000 0.2509225766
28.0500000000 -0.0094213824
28.0600000000 -0.2985251449
28.0700000000 -0.6112904048
28.0800000000 -0.9342201076
28.0900000000 -1.2446931771
28.1000000000 -1.5158374686
28.1100000000 -1.7262516347
28.1200000000 -1.8677412533
28.1300000000 -1.9452295252
28.1400000000 -1.9707881677
28.1500000000 -1.9575183478
28.1600000000 -1.9162458503
28.1700000000 -1.8546884102
28.1800000000 -1.7778234025
28.1900000000 -1.6885663916
28.2000000000 -1.5883720017
28.2100000000 -1.4776559855
28.2200000000 -1.3560517902
28.2300000000 -1.2225435232
28.2400000000 -1.0755162350
28.2500000000 -0.9127613202
28.2600000000 -0.7314832167
28.2700000000 -0.5283845641
28.2800000000 -0.2999736157
28.2900000000 -0.0433454415
28.3000000000 0.2422111515
28.3100000000 0.5525517792
28.3200000000 0.8755467594
28.3300000000 1.1898130307
28.3400000000 1.4686595022
28.3500000000 1.6893678702
28.3600000000 1.8416628610
28.3700000000 1.9288243713
28.3800000000 1.9622522048
28.3900000000 1.9551180518
28.4000000000 1.9186321952
28.4100000000 1.8609297416
28.4200000000 1.7873286657
28.4300000000 1.7009931495
28.4400000000 1.6035533617
28.4500000000 1.4955519228
28.4600000000 1.3767208158
28.4700000000 1.2461290780
28.4800000000 1.1022427334
28.4900000000 0.9429347556
28.5000000000 0.7654891452
28.5100000000 0.5666704454
28.5200000000 0.3429910385
28.5300000000 0.0914111347
28.5400000000 -0.1891861025
28.5500000000 -0.4954741773
28.5600000000 -0.8165401583
28.5700000000 -1.1321862442
28.5800000000 -1.4160456199
28.5900000000 -1.6443534740
28.6000000000 -1.8049588766
28.6100000000 -1.8995468688
28.6200000000 -1.9387972969
28.6300000000 -1.9358899822
28.6400000000 -1.9023759444
28.6500000000 -1.8467824712
28.6600000000 -1.7747536489
28.6700000000 -1.6896922208
28.6800000000 -1.5933945251
28.6900000000 -1.4865191172
28.7000000000 -1.3688824299
28.7100000000 -1.2396198189
28.7200000000 -1.0972539492
28.7300000000 -0.9397087138
28.7400000000 -0.7643118414
28.7500000000 -0.5678543243
28.7600000000 -0.3468326458
28.7700000000 -0.0980998897
28.7800000000 0.1797353489
28.7900000000 0.4838649635
28.8000000000 0.8041156142
28.8100000000 1.1209758701
28.8200000000 1.4082045694
28.8300000000 1.6413049393
28.8400000000 1.8069017883
28.8500000000 1.9056799530
28.8600000000 1.9479117429
28.8700000000 1.9468431756
28.8800000000 1.9142924142
28.8900000000 1.8590697509
28.9000000000 1.7870471823
28.9100000000 1.7017927604
28.9200000000 1.6052200020
28.9300000000 1.4980736001
28.9400000000 1.3802387622
28.9500000000 1.2509118174
28.9600000000 1.1086746013
28.9700000000 0.9515108568
28.9800000000 0.7768063851
28.9900000000 0.5813971058
29.0000000000 0.3617832102
29.0100000000 0.1147239231
29.0200000000 -0.1614560803
29.0300000000 -0.4645275230
29.0400000000 -0.7851998737
29.0500000000 -1.1048682353
29.0600000000 -1.3976138532
29.0700000000 -1.6382206850
29.0800000000 -1.8118708682
29.0900000000 -1.9179453789
29.1000000000 -1.9660935069
29.1100000000 -1.9695485416
29.1200000000 -1.9404069759
29.1300000000 -1.8878070533
29.1400000000 -1.8178956843
29.1500000000 -1.7344445914
29.1600000000 -1.6395137174
29.1700000000 -1.5339569450
29.1800000000 -1.4177485291
29.1900000000 -1.2901663425
29.2000000000 -1.1498748944
29.2100000000 -0.9949463774
29.2200000000 -0.8228596609
29.2300000000 -0.6305361260
29.2400000000 -0.4145195986
29.2500000000 -0.1714970329
29.2600000000 0.1005266984
29.2700000000 0.4000619230
29.2800000000 0.7190607409
29.2900000000 1.0403727117
29.3000000000 1.3389108613
29.3100000000 1.5888300717
29.3200000000 1.7733941160
29.3300000000 1.8899504627
29.3400000000 1.9469684737
29.3500000000 1.9574384538
29.3600000000 1.9337406807
29.3700000000 1.8854449733
29.3800000000 1.8190885295
29.3900000000 1.7387394860
29.4000000000 1.6466680441
29.4100000000 1.5438762424
29.4200000000 1.4304473742
29.4300000000 1.3057467128
29.4400000000 1.1685165253
29.4500000000 1.0169041780
29.4600000000 0.8484624838
29.4700000000 0.6601777235
29.4800000000 0.4486247537
29.4900000000 0.2104325811
29.5000000000 -0.0566402185
29.5100000000 -0.3516726000
29.5200000000 -0.6675844523
29.5300000000 -0.9883949559
29.5400000000 -1.2897549896
29.5500000000 -1.5454179875
29.5600000000 -1.7371472317
29.5700000000 -1.8606014900
29.5800000000 -1.9232198833
29.5900000000 -1.9377524767
29.6000000000 -1.9168056182
29.6100000000 -1.8703150144
29.6200000000 -1.8051536545
29.6300000000 -1.7256454181
29.6400000000 -1.6342408428
29.6500000000 -1.5320668127
29.6600000000 -1.4192952350
29.6700000000 -1.2953581799
29.6800000000 -1.1590524287
29.6900000000 -1.0085728628
29.7000000000 -0.8415136724
29.7100000000 -0.6548909913
29.7200000000 -0.4452820787
29.7300000000 -0.2092574430
29.7400000000 0.0556010003
29.7500000000 0.3487390599
29.7600000000 0.6636633461
29.7700000000 0.9850615074
29.7800000000 1.2889459868
29.7900000000 1.5487182073
29.8000000000 1.7451443407
29.8100000000 1.8728328247
29.8200000000 1.9386362346
29.8300000000 1.9552293352
29.8400000000 1.9354226283
29.8500000000 1.8894215195
29.8600000000 1.8243323059
29.8700000000 1.7446526840
29.8800000000 1.6529569628
29.8900000000 1.5504622435
29.9000000000 1.4374114533
29.9100000000 1.3132989333
29.9200000000 1.1769819468
29.9300000000 1.0267178858
29.9400000000 0.8601653617
29.9500000000 0.6743998613
29.9600000000 0.4660326782
29.9700000000 0.2315984879
29.9800000000 -0.0315081094
29.9900000000 -0.3231873079
