10.0000000000 0.0000000000
10.0100000000 0.0000000000
10.0200000000 0.0000000000
10.0300000000 0.0000000000
10.0400000000 0.0000000000
10.0500000000 0.0000000000
10.0600000000 0.0000000000
10.0700000000 0.0000000000
10.0800000000 0.0000000000
10.0900000000 0.0000000000
10.1000000000 0.0000000000
10.1100000000 0.0000000000
10.1200000000 0.0000000000
10.1300000000 0.0000000000
10.1400000000 0.0000000000
10.1500000000 0.0000000000
10.1600000000 0.0000000000
10.1700000000 0.0000000000
10.1800000000 0.0000000000
10.1900000000 0.0000000000
10.2000000000 0.0000000000
10.2100000000 0.0000000000
10.2200000000 0.0000000000
10.2300000000 0.0000000000
10.2400000000 0.0000000000
10.2500000000 0.0000000000
10.2600000000 0.0000000000
10.2700000000 0.0000000000
10.2800000000 0.0000000000
10.2900000000 0.0000000000
10.3000000000 0.0000000000
10.3100000000 0.0000000000
10.3200000000 0.0000000000
10.3300000000 0.0000000000
10.3400000000 0.0000000000
10.3500000000 0.0000000000
10.3600000000 0.0000000000
10.3700000000 0.0000000000
10.3800000000 0.0000000000
10.3900000000 0.0000000000
10.4000000000 0.0000000000
10.4100000000 0.0000000000
10.4200000000 0.0000000000
10.4300000000 0.0000000000
10.4400000000 0.0000000000
10.4500000000 0.0000000000
10.4600000000 0.0000000000
10.4700000000 0.0000000000
10.4800000000 0.0000000000
10.4900000000 0.0000000000
10.5000000000 0.0000000000
10.5100000000 0.0000000000
10.5200000000 0.0000000000
10.5300000000 0.0000000000
10.5400000000 0.0000000000
10.5500000000 0.0000000000
10.5600000000 0.0000000000
10.5700000000 0.0000000000
10.5800000000 0.0000000000
10.5900000000 0.0000000000
10.6000000000 0.0000000000
10.6100000000 0.0000000000
10.6200000000 0.0000000000
10.6300000000 0.0000000000
10.6400000000 0.0000000000
10.6500000000 0.0000000000
10.6600000000 0.0000000000
10.6700000000 0.0000000000
10.6800000000 0.0000000000
10.6900000000 0.0000000000
10.7000000000 0.0000000000
10.7100000000 0.0000000000
10.7200000000 0.0000000000
10.7300000000 0.0000000000
10.7400000000 0.0000000000
10.7500000000 0.0000000000
10.7600000000 0.0000000000
10.7700000000 0.0000000000
10.7800000000 0.0000000000
10.7900000000 0.0000000000
10.8000000000 0.0000000000
10.8100000000 0.0000000000
10.8200000000 0.0000000000
10.8300000000 0.0000000000
10.8400000000 0.0000000000
10.8500000000 0.0000000000
10.8600000000 0.0000000000
10.8700000000 0.0000000000
10.8800000000 0.0000000000
10.8900000000 0.0000000000
10.9000000000 0.0000000000
10.9100000000 0.0000000000
10.9200000000 0.0000000000
10.9300000000 0.0000000000
10.9400000000 0.0000000000
10.9500000000 0.0000000000
10.9600000000 0.0000000000
10.9700000000 0.0000000000
10.9800000000 0.0000000000
10.9900000000 0.0000000000
11.0000000000 0.0000000000
11.0100000000 0.0000000000
11.0200000000 0.0000000000
11.0300000000 0.0000000000
11.0400000000 0.0000000000
11.0500000000 0.0000000000
11.0600000000 0.0000000000
11.0700000000 0.0000000000
11.0800000000 0.0000000000
11.0900000000 0.0000000000
11.1000000000 0.0000000000
11.1100000000 0.0000000000
11.1200000000 0.0000000000
11.1300000000 0.0000000000
11.1400000000 0.0000000000
11.1500000000 0.0000000000
11.1600000000 0.0000000000
11.1700000000 0.0000000000
11.1800000000 0.0000000000
11.1900000000 0.0000000000
11.2000000000 0.0000000000
11.2100000000 0.0000000000
11.2200000000 0.0000000000
11.2300000000 0.0000000000
11.2400000000 0.0000000000
11.2500000000 0.0000000000
11.2600000000 0.0000000000
11.2700000000 0.0000000000
11.2800000000 0.0000000000
11.2900000000 0.0000000000
11.3000000000 0.0000000000
11.3100000000 0.0000000000
11.3200000000 0.0000000000
11.3300000000 0.0000000000
11.3400000000 0.0000000000
11.3500000000 0.0000000000
11.3600000000 0.0000000000
11.3700000000 0.0000000000
11.3800000000 0.0000000000
11.3900000000 0.0000000000
11.4000000000 0.0000000000
11.4100000000 0.0000000000
11.4200000000 0.0000000000
11.4300000000 0.0000000000
11.4400000000 0.0000000000
11.4500000000 0.0000000000
11.4600000000 0.0000000000
11.4700000000 0.0000000000
11.4800000000 0.0000000000
11.4900000000 0.0000000000
11.5000000000 0.0000000000
11.5100000000 0.0000000000
11.5200000000 0.0000000000
11.5300000000 0.0000000000
11.5400000000 0.0000000000
11.5500000000 0.0000000000
11.5600000000 0.0000000000
11.5700000000 0.0000000000
11.5800000000 0.0000000000
11.5900000000 0.0000000000
11.6000000000 0.0000000000
11.6100000000 0.0000000000
11.6200000000 0.0000000000
11.6300000000 0.0000000000
11.6400000000 0.0000000000
11.6500000000 0.0000000000
11.6600000000 0.0000000000
11.6700000000 0.0000000000
11.6800000000 0.0000000000
11.6900000000 0.0000000000
11.7000000000 0.0000000000
11.7100000000 0.0000000000
11.7200000000 0.0000000000
11.7300000000 0.0000000000
11.7400000000 0.0000000000
11.7500000000 0.0000000000
11.7600000000 0.0000000000
11.7700000000 0.0000000000
11.7800000000 0.0000000000
11.7900000000 0.0000000000
11.8000000000 0.0000000000
11.8100000000 0.0000000000
11.8200000000 0.0000000000
11.8300000000 0.0000000000
11.8400000000 0.0000000000
11.8500000000 0.0000000000
11.8600000000 0.0000000000
11.8700000000 0.0000000000
11.8800000000 0.0000000000
11.8900000000 0.0000000000
11.9000000000 0.0000000000
11.9100000000 0.0000000000
11.9200000000 0.0000000000
11.9300000000 0.0000000000
11.9400000000 0.0000000000
11.9500000000 0.0000000000
11.9600000000 0.0000000000
11.9700000000 0.0000000000
11.9800000000 0.0000000000
11.9900000000 0.0000000000
12.0000000000 0.0000000000
12.0100000000 0.0000000000
12.0200000000 0.0000000000
12.0300000000 0.0000000000
12.0400000000 0.0000000000
12.0500000000 0.0000000000
12.0600000000 0.0000000000
12.0700000000 0.0000000000
12.0800000000 0.0000000000
12.0900000000 0.0000000000
12.1000000000 0.0000000000
12.1100000000 0.0000000000
12.1200000000 0.0000000000
12.1300000000 0.0000000000
12.1400000000 0.0000000000
12.1500000000 0.0000000000
12.1600000000 0.0000000000
12.1700000000 0.0000000000
12.1800000000 0.0000000000
12.1900000000 0.0000000000
12.2000000000 0.0000000000
12.2100000000 0.0000000000
12.2200000000 0.0000000000
12.2300000000 0.0000000000
12.2400000000 0.0000000000
12.2500000000 0.0000000000
12.2600000000 0.0000000000
12.2700000000 0.0000000000
12.2800000000 0.0000000000
12.2900000000 0.0000000000
12.3000000000 0.0000000000
12.3100000000 0.0000000000
12.3200000000 0.0000000000
12.3300000000 0.0000000000
12.3400000000 0.0000000000
12.3500000000 0.0000000000
12.3600000000 0.0000000000
12.3700000000 0.0000000000
12.3800000000 0.0000000000
12.3900000000 0.0000000000
12.4000000000 0.0000000000
12.4100000000 0.0000000000
12.4200000000 0.0000000000
12.4300000000 0.0000000000
12.4400000000 0.0000000000
12.4500000000 0.0000000000
12.4600000000 0.0000000000
12.4700000000 0.0000000000
12.4800000000 0.0000000000
12.4900000000 0.0000000000
12.5000000000 0.0000000000
12.5100000000 0.0000000000
12.5200000000 0.0000000000
12.5300000000 0.0000000000
12.5400000000 0.0000000000
12.5500000000 0.0000000000
12.5600000000 0.0000000000
12.5700000000 0.0000000000
12.5800000000 0.0000000000
12.5900000000 0.0000000000
12.6000000000 0.0000000000
12.6100000000 0.0000000000
12.6200000000 0.0000000000
12.6300000000 0.0000000000
12.6400000000 0.0000000000
12.6500000000 0.0000000000
12.6600000000 0.0000000000
12.6700000000 0.0000000000
12.6800000000 0.0000000000
12.6900000000 0.0000000000
12.7000000000 0.0000000000
12.7100000000 0.0000000000
12.7200000000 0.0000000000
12.7300000000 0.0000000000
12.7400000000 0.0000000000
12.7500000000 0.0000000000
12.7600000000 0.0000000000
12.7700000000 0.0000000000
12.7800000000 0.0000000000
12.7900000000 0.0000000000
12.8000000000 0.0000000000
12.8100000000 0.0000000000
12.8200000000 0.0000000000
12.8300000000 0.0000000000
12.8400000000 0.0000000000
12.8500000000 0.0000000000
12.8600000000 0.0000000000
12.8700000000 0.0000000000
12.8800000000 0.0000000000
12.8900000000 0.0000000000
12.9000000000 0.0000000000
12.9100000000 0.0000000000
12.9200000000 0.0000000000
12.9300000000 0.0000000000
12.9400000000 0.0000000000
12.9500000000 0.0000000000
12.9600000000 0.0000000000
12.9700000000 0.0000000000
12.9800000000 0.0000000000
12.9900000000 0.0000000000
13.0000000000 0.0000000000
13.0100000000 0.0000000000
13.0200000000 0.0000000000
13.0300000000 0.0000000000
13.0400000000 0.0000000000
13.0500000000 0.0000000000
13.0600000000 0.0000000000
13.0700000000 0.0000000000
13.0800000000 0.0000000000
13.0900000000 0.0000000000
13.1000000000 0.0000000000
13.1100000000 0.0000000000
13.1200000000 0.0000000000
13.1300000000 0.0000000000
13.1400000000 0.0000000000
13.1500000000 0.0000000000
13.1600000000 0.0000000000
13.1700000000 0.0000000000
13.1800000000 0.0000000000
13.1900000000 0.0000000000
13.2000000000 0.0000000000
13.2100000000 0.0000000000
13.2200000000 0.0000000000
13.2300000000 0.0000000000
13.2400000000 0.0000000000
13.2500000000 0.0000000000
13.2600000000 0.0000000000
13.2700000000 0.0000000000
13.2800000000 0.0000000000
13.2900000000 0.0000000000
13.3000000000 0.0000000000
13.3100000000 0.0000000000
13.3200000000 0.0000000000
13.3300000000 0.0000000000
13.3400000000 0.0000000000
13.3500000000 0.0000000000
13.3600000000 0.0000000000
13.3700000000 0.0000000000
13.3800000000 0.0000000000
13.3900000000 0.0000000000
13.4000000000 0.0000000000
13.4100000000 0.0000000000
13.4200000000 0.0000000000
13.4300000000 0.0000000000
13.4400000000 0.0000000000
13.4500000000 0.0000000000
13.4600000000 0.0000000000
13.4700000000 0.0000000000
13.4800000000 0.0000000000
13.4900000000 0.0000000000
13.5000000000 0.0000000000
13.5100000000 0.0000000000
13.5200000000 0.0000000000
13.5300000000 0.0000000000
13.5400000000 0.0000000000
13.5500000000 0.0000000000
13.5600000000 0.0000000000
13.5700000000 0.0000000000
13.5800000000 0.0000000000
13.5900000000 0.0000000000
13.6000000000 0.0000000000
13.6100000000 0.0000000000
13.6200000000 0.0000000000
13.6300000000 0.0000000000
13.6400000000 0.0000000000
13.6500000000 0.0000000000
13.6600000000 0.0000000000
13.6700000000 0.0000000000
13.6800000000 0.0000000000
13.6900000000 0.0000000000
13.7000000000 0.0000000000
13.7100000000 0.0000000000
13.7200000000 0.0000000000
13.7300000000 0.0000000000
13.7400000000 0.0000000000
13.7500000000 0.0000000000
13.7600000000 0.0000000000
13.7700000000 0.0000000000
13.7800000000 0.0000000000
13.7900000000 0.0000000000
13.8000000000 0.0000000000
13.8100000000 0.0000000000
13.8200000000 0.0000000000
13.8300000000 0.0000000000
13.8400000000 0.0000000000
13.8500000000 0.0000000000
13.8600000000 0.0000000000
13.8700000000 0.0000000000
13.8800000000 0.0000000000
13.8900000000 0.0000000000
13.9000000000 0.0000000000
13.9100000000 0.0000000000
13.9200000000 0.0000000000
13.9300000000 0.0000000000
13.9400000000 0.0000000000
13.9500000000 0.0000000000
13.9600000000 0.0000000000
13.9700000000 0.0000000000
13.9800000000 0.0000000000
13.9900000000 0.0000000000
14.0000000000 0.0000000000
14.0100000000 0.0000000000
14.0200000000 0.0000000000
14.0300000000 0.0000000000
14.0400000000 0.0000000000
14.0500000000 0.0000000000
14.0600000000 0.0000000000
14.0700000000 0.0000000000
14.0800000000 0.0000000000
14.0900000000 0.0000000000
14.1000000000 0.0000000000
14.1100000000 0.0000000000
14.1200000000 0.0000000000
14.1300000000 0.0000000000
14.1400000000 0.0000000000
14.1500000000 0.0000000000
14.1600000000 0.0000000000
14.1700000000 0.0000000000
14.1800000000 0.0000000000
14.1900000000 0.0000000000
14.2000000000 0.0000000000
14.2100000000 0.0000000000
14.2200000000 0.0000000000
14.2300000000 0.0000000000
14.2400000000 0.0000000000
14.2500000000 0.0000000000
14.2600000000 0.0000000000
14.2700000000 0.0000000000
14.2800000000 0.0000000000
14.2900000000 0.0000000000
14.3000000000 0.0000000000
14.3100000000 0.0000000000
14.3200000000 0.0000000000
14.3300000000 0.0000000000
14.3400000000 0.0000000000
14.3500000000 0.0000000000
14.3600000000 0.0000000000
14.3700000000 0.0000000000
14.3800000000 0.0000000000
14.3900000000 0.0000000000
14.4000000000 0.0000000000
14.4100000000 0.0000000000
14.4200000000 0.0000000000
14.4300000000 0.0000000000
14.4400000000 0.0000000000
14.4500000000 0.0000000000
14.4600000000 0.0000000000
14.4700000000 0.0000000000
14.4800000000 0.0000000000
14.4900000000 0.0000000000
14.5000000000 0.0000000000
14.5100000000 0.0000000000
14.5200000000 0.0000000000
14.5300000000 0.0000000000
14.5400000000 0.0000000000
14.5500000000 0.0000000000
14.5600000000 0.0000000000
14.5700000000 0.0000000000
14.5800000000 0.0000000000
14.5900000000 0.0000000000
14.6000000000 0.0000000000
14.6100000000 0.0000000000
14.6200000000 0.0000000000
14.6300000000 0.0000000000
14.6400000000 0.0000000000
14.6500000000 0.0000000000
14.6600000000 0.0000000000
14.6700000000 0.0000000000
14.6800000000 0.0000000000
14.6900000000 0.0000000000
14.7000000000 0.0000000000
14.7100000000 0.0000000000
14.7200000000 0.0000000000
14.7300000000 0.0000000000
14.7400000000 0.0000000000
14.7500000000 0.0000000000
14.7600000000 0.0000000000
14.7700000000 0.0000000000
14.7800000000 0.0000000000
14.7900000000 0.0000000000
14.8000000000 0.0000000000
14.8100000000 0.0000000000
14.8200000000 0.0000000000
14.8300000000 0.0000000000
14.8400000000 0.0000000000
14.8500000000 0.0000000000
14.8600000000 0.0000000000
14.8700000000 0.0000000000
14.8800000000 0.0000000000
14.8900000000 0.0000000000
14.9000000000 0.0000000000
14.9100000000 0.0000000000
14.9200000000 0.0000000000
14.9300000000 0.0000000000
14.9400000000 0.0000000000
14.9500000000 0.0000000000
14.9600000000 0.0000000000
14.9700000000 0.0000000000
14.9800000000 0.0000000000
14.9900000000 0.0000000000
15.0000000000 0.0000000000
15.0100000000 0.0000000000
15.0200000000 0.0000000000
15.0300000000 0.0000000000
15.0400000000 0.0000000000
15.0500000000 0.0000000000
15.0600000000 0.0000000000
15.0700000000 0.0000000000
15.0800000000 0.0000000000
15.0900000000 0.0000000000
15.1000000000 0.0000000000
15.1100000000 0.0000000000
15.1200000000 0.0000000000
15.1300000000 0.0000000000
15.1400000000 0.0000000000
15.1500000000 0.0000000000
15.1600000000 0.0000000000
15.1700000000 0.0000000000
15.1800000000 0.0000000000
15.1900000000 0.0000000000
15.2000000000 0.0000000000
15.2100000000 0.0000000000
15.2200000000 0.0000000000
15.2300000000 0.0000000000
15.2400000000 0.0000000000
15.2500000000 0.0000000000
15.2600000000 0.0000000000
15.2700000000 0.0000000000
15.2800000000 0.0000000000
15.2900000000 0.0000000000
15.3000000000 0.0000000000
15.3100000000 0.0000000000
15.3200000000 0.0000000000
15.3300000000 0.0000000000
15.3400000000 0.0000000000
15.3500000000 0.0000000000
15.3600000000 0.0000000000
15.3700000000 0.0000000000
15.3800000000 0.0000000000
15.3900000000 0.0000000000
15.4000000000 0.0000000000
15.4100000000 0.0000000000
15.4200000000 0.0000000000
15.4300000000 0.0000000000
15.4400000000 0.0000000000
15.4500000000 0.0000000000
15.4600000000 0.0000000000
15.4700000000 0.0000000000
15.4800000000 0.0000000000
15.4900000000 0.0000000000
15.5000000000 0.0000000000
15.5100000000 0.0000000000
15.5200000000 0.0000000000
15.5300000000 0.0000000000
15.5400000000 0.0000000000
15.5500000000 0.0000000000
15.5600000000 0.0000000000
15.5700000000 0.0000000000
15.5800000000 0.0000000000
15.5900000000 0.0000000000
15.6000000000 0.0000000000
15.6100000000 0.0000000000
15.6200000000 0.0000000000
15.6300000000 0.0000000000
15.6400000000 0.0000000000
15.6500000000 0.0000000000
15.6600000000 0.0000000000
15.6700000000 0.0000000000
15.6800000000 0.0000000000
15.6900000000 0.0000000000
15.7000000000 0.0000000000
15.7100000000 0.0000000000
15.7200000000 0.0000000000
15.7300000000 0.0000000000
15.7400000000 0.0000000000
15.7500000000 0.0000000000
15.7600000000 0.0000000000
15.7700000000 0.0000000000
15.7800000000 0.0000000000
15.7900000000 0.0000000000
15.8000000000 0.0000000000
15.8100000000 0.0000000000
15.8200000000 0.0000000000
15.8300000000 0.0000000000
15.8400000000 0.0000000000
15.8500000000 0.0000000000
15.8600000000 0.0000000000
15.8700000000 0.0000000000
15.8800000000 0.0000000000
15.8900000000 0.0000000000
15.9000000000 0.0000000000
15.9100000000 0.0000000000
15.9200000000 0.0000000000
15.9300000000 0.0000000000
15.9400000000 0.0000000000
15.9500000000 0.0000000000
15.9600000000 0.0000000000
15.9700000000 0.0000000000
15.9800000000 0.0000000000
15.9900000000 0.0000000000
16.0000000000 0.0000000000
16.0100000000 0.0000000000
16.0200000000 0.0000000000
16.0300000000 0.0000000000
16.0400000000 0.0000000000
16.0500000000 0.0000000000
16.0600000000 0.0000000000
16.0700000000 0.0000000000
16.0800000000 0.0000000000
16.0900000000 0.0000000000
16.1000000000 0.0000000000
16.1100000000 0.0000000000
16.1200000000 0.0000000000
16.1300000000 0.0000000000
16.1400000000 0.0000000000
16.1500000000 0.0000000000
16.1600000000 0.0000000000
16.1700000000 0.0000000000
16.1800000000 0.0000000000
16.1900000000 0.0000000000
16.2000000000 0.0000000000
16.2100000000 0.0000000000
16.2200000000 0.0000000000
16.2300000000 0.0000000000
16.2400000000 0.0000000000
16.2500000000 0.0000000000
16.2600000000 0.0000000000
16.2700000000 0.0000000000
16.2800000000 0.0000000000
16.2900000000 0.0000000000
16.3000000000 0.0000000000
16.3100000000 0.0000000000
16.3200000000 0.0000000000
16.3300000000 0.0000000000
16.3400000000 0.0000000000
16.3500000000 0.0000000000
16.3600000000 0.0000000000
16.3700000000 0.0000000000
16.3800000000 0.0000000000
16.3900000000 0.0000000000
16.4000000000 0.0000000000
16.4100000000 0.0000000000
16.4200000000 0.0000000000
16.4300000000 0.0000000000
16.4400000000 0.0000000000
16.4500000000 0.0000000000
16.4600000000 0.0000000000
16.4700000000 0.0000000000
16.4800000000 0.0000000000
16.4900000000 0.0000000000
16.5000000000 0.0000000000
16.5100000000 0.0000000000
16.5200000000 0.0000000000
16.5300000000 0.0000000000
16.5400000000 0.0000000000
16.5500000000 0.0000000000
16.5600000000 0.0000000000
16.5700000000 0.0000000000
16.5800000000 0.0000000000
16.5900000000 0.0000000000
16.6000000000 0.0000000000
16.6100000000 0.0000000000
16.6200000000 0.0000000000
16.6300000000 0.0000000000
16.6400000000 0.0000000000
16.6500000000 0.0000000000
16.6600000000 0.0000000000
16.6700000000 0.0000000000
16.6800000000 0.0000000000
16.6900000000 0.0000000000
16.7000000000 0.0000000000
16.7100000000 0.0000000000
16.7200000000 0.0000000000
16.7300000000 0.0000000000
16.7400000000 0.0000000000
16.7500000000 0.0000000000
16.7600000000 0.0000000000
16.7700000000 0.0000000000
16.7800000000 0.0000000000
16.7900000000 0.0000000000
16.8000000000 0.0000000000
16.8100000000 0.0000000000
16.8200000000 0.0000000000
16.8300000000 0.0000000000
16.8400000000 0.0000000000
16.8500000000 0.0000000000
16.8600000000 0.0000000000
16.8700000000 0.0000000000
16.8800000000 0.0000000000
16.8900000000 0.0000000000
16.9000000000 0.0000000000
16.9100000000 0.0000000000
16.9200000000 0.0000000000
16.9300000000 0.0000000000
16.9400000000 0.0000000000
16.9500000000 0.0000000000
16.9600000000 0.0000000000
16.9700000000 0.0000000000
16.9800000000 0.0000000000
16.9900000000 0.0000000000
17.0000000000 0.0000000000
17.0100000000 0.0000000000
17.0200000000 0.0000000000
17.0300000000 0.0000000000
17.0400000000 0.0000000000
17.0500000000 0.0000000000
17.0600000000 0.0000000000
17.0700000000 0.0000000000
17.0800000000 0.0000000000
17.0900000000 0.0000000000
17.1000000000 0.0000000000
17.1100000000 0.0000000000
17.1200000000 0.0000000000
17.1300000000 0.0000000000
17.1400000000 0.0000000000
17.1500000000 0.0000000000
17.1600000000 0.0000000000
17.1700000000 0.0000000000
17.1800000000 0.0000000000
17.1900000000 0.0000000000
17.2000000000 0.0000000000
17.2100000000 0.0000000000
17.2200000000 0.0000000000
17.2300000000 0.0000000000
17.2400000000 0.0000000000
17.2500000000 0.0000000000
17.2600000000 0.0000000000
17.2700000000 0.0000000000
17.2800000000 0.0000000000
17.2900000000 0.0000000000
17.3000000000 0.0000000000
17.3100000000 0.0000000000
17.3200000000 0.0000000000
17.3300000000 0.0000000000
17.3400000000 0.0000000000
17.3500000000 0.0000000000
17.3600000000 0.0000000000
17.3700000000 0.0000000000
17.3800000000 0.0000000000
17.3900000000 0.0000000000
17.4000000000 0.0000000000
17.4100000000 0.0000000000
17.4200000000 0.0000000000
17.4300000000 0.0000000000
17.4400000000 0.0000000000
17.4500000000 0.0000000000
17.4600000000 0.0000000000
17.4700000000 0.0000000000
17.4800000000 0.0000000000
17.4900000000 0.0000000000
17.5000000000 0.0000000000
17.5100000000 0.0000000000
17.5200000000 0.0000000000
17.5300000000 0.0000000000
17.5400000000 0.0000000000
17.5500000000 0.0000000000
17.5600000000 0.0000000000
17.5700000000 0.0000000000
17.5800000000 0.0000000000
17.5900000000 0.0000000000
17.6000000000 0.0000000000
17.6100000000 0.0000000000
17.6200000000 0.0000000000
17.6300000000 0.0000000000
17.6400000000 0.0000000000
17.6500000000 0.0000000000
17.6600000000 0.0000000000
17.6700000000 0.0000000000
17.6800000000 0.0000000000
17.6900000000 0.0000000000
17.7000000000 0.0000000000
17.7100000000 0.0000000000
17.7200000000 0.0000000000
17.7300000000 0.0000000000
17.7400000000 0.0000000000
17.7500000000 0.0000000000
17.7600000000 0.0000000000
17.7700000000 0.0000000000
17.7800000000 0.0000000000
17.7900000000 0.0000000000
17.8000000000 0.0000000000
17.8100000000 0.0000000000
17.8200000000 0.0000000000
17.8300000000 0.0000000000
17.8400000000 0.0000000000
17.8500000000 0.0000000000
17.8600000000 0.0000000000
17.8700000000 0.0000000000
17.8800000000 0.0000000000
17.8900000000 0.0000000000
17.9000000000 0.0000000000
17.9100000000 0.0000000000
17.9200000000 0.0000000000
17.9300000000 0.0000000000
17.9400000000 0.0000000000
17.9500000000 0.0000000000
17.9600000000 0.0000000000
17.9700000000 0.0000000000
17.9800000000 0.0000000000
17.9900000000 0.0000000000
18.0000000000 0.0000000000
18.0100000000 0.0000000000
18.0200000000 0.0000000000
18.0300000000 0.0000000000
18.0400000000 0.0000000000
18.0500000000 0.0000000000
18.0600000000 0.0000000000
18.0700000000 0.0000000000
18.0800000000 0.0000000000
18.0900000000 0.0000000000
18.1000000000 0.0000000000
18.1100000000 0.0000000000
18.1200000000 0.0000000000
18.1300000000 0.0000000000
18.1400000000 0.0000000000
18.1500000000 0.0000000000
18.1600000000 0.0000000000
18.1700000000 0.0000000000
18.1800000000 0.0000000000
18.1900000000 0.0000000000
18.2000000000 0.0000000000
18.2100000000 0.0000000000
18.2200000000 0.0000000000
18.2300000000 0.0000000000
18.2400000000 0.0000000000
18.2500000000 0.0000000000
18.2600000000 0.0000000000
18.2700000000 0.0000000000
18.2800000000 0.0000000000
18.2900000000 0.0000000000
18.3000000000 0.0000000000
18.3100000000 0.0000000000
18.3200000000 0.0000000000
18.3300000000 0.0000000000
18.3400000000 0.0000000000
18.3500000000 0.0000000000
18.3600000000 0.0000000000
18.3700000000 0.0000000000
18.3800000000 0.0000000000
18.3900000000 0.0000000000
18.4000000000 0.0000000000
18.4100000000 0.0000000000
18.4200000000 0.0000000000
18.4300000000 0.0000000000
18.4400000000 0.0000000000
18.4500000000 0.0000000000
18.4600000000 0.0000000000
18.4700000000 0.0000000000
18.4800000000 0.0000000000
18.4900000000 0.0000000000
18.5000000000 0.0000000000
18.5100000000 0.0000000000
18.5200000000 0.0000000000
18.5300000000 0.0000000000
18.5400000000 0.0000000000
18.5500000000 0.0000000000
18.5600000000 0.0000000000
18.5700000000 0.0000000000
18.5800000000 0.0000000000
18.5900000000 0.0000000000
18.6000000000 0.0000000000
18.6100000000 0.0000000000
18.6200000000 0.0000000000
18.6300000000 0.0000000000
18.6400000000 0.0000000000
18.6500000000 0.0000000000
18.6600000000 0.0000000000
18.6700000000 0.0000000000
18.6800000000 0.0000000000
18.6900000000 0.0000000000
18.7000000000 0.0000000000
18.7100000000 0.0000000000
18.7200000000 0.0000000000
18.7300000000 0.0000000000
18.7400000000 0.0000000000
18.7500000000 0.0000000000
18.7600000000 0.0000000000
18.7700000000 0.0000000000
18.7800000000 0.0000000000
18.7900000000 0.0000000000
18.8000000000 0.0000000000
18.8100000000 0.0000000000
18.8200000000 0.0000000000
18.8300000000 0.0000000000
18.8400000000 0.0000000000
18.8500000000 0.0000000000
18.8600000000 0.0000000000
18.8700000000 0.0000000000
18.8800000000 0.0000000000
18.8900000000 0.0000000000
18.9000000000 0.0000000000
18.9100000000 0.0000000000
18.9200000000 0.0000000000
18.9300000000 0.0000000000
18.9400000000 0.0000000000
18.9500000000 0.0000000000
18.9600000000 0.0000000000
18.9700000000 0.0000000000
18.9800000000 0.0000000000
18.9900000000 0.0000000000
19.0000000000 0.0000000000
19.0100000000 0.0000000000
19.0200000000 0.0000000000
19.0300000000 0.0000000000
19.0400000000 0.0000000000
19.0500000000 0.0000000000
19.0600000000 0.0000000000
19.0700000000 0.0000000000
19.0800000000 0.0000000000
19.0900000000 0.0000000000
19.1000000000 0.0000000000
19.1100000000 0.0000000000
19.1200000000 0.0000000000
19.1300000000 0.0000000000
19.1400000000 0.0000000000
19.1500000000 0.0000000000
19.1600000000 0.0000000000
19.1700000000 0.0000000000
19.1800000000 0.0000000000
19.1900000000 0.0000000000
19.2000000000 0.0000000000
19.2100000000 0.0000000000
19.2200000000 0.0000000000
19.2300000000 0.0000000000
19.2400000000 0.0000000000
19.2500000000 0.0000000000
19.2600000000 0.0000000000
19.2700000000 0.0000000000
19.2800000000 0.0000000000
19.2900000000 0.0000000000
19.3000000000 0.0000000000
19.3100000000 0.0000000000
19.3200000000 0.0000000000
19.3300000000 0.0000000000
19.3400000000 0.0000000000
19.3500000000 0.0000000000
19.3600000000 0.0000000000
19.3700000000 0.0000000000
19.3800000000 0.0000000000
19.3900000000 0.0000000000
19.4000000000 0.0000000000
19.4100000000 0.0000000000
19.4200000000 0.0000000000
19.4300000000 0.0000000000
19.4400000000 0.0000000000
19.4500000000 0.0000000000
19.4600000000 0.0000000000
19.4700000000 0.0000000000
19.4800000000 0.0000000000
19.4900000000 0.0000000000
19.5000000000 0.0000000000
19.5100000000 0.0000000000
19.5200000000 0.0000000000
19.5300000000 0.0000000000
19.5400000000 0.0000000000
19.5500000000 0.0000000000
19.5600000000 0.0000000000
19.5700000000 0.0000000000
19.5800000000 0.0000000000
19.5900000000 0.0000000000
19.6000000000 0.0000000000
19.6100000000 0.0000000000
19.6200000000 0.0000000000
19.6300000000 0.0000000000
19.6400000000 0.0000000000
19.6500000000 0.0000000000
19.6600000000 0.0000000000
19.6700000000 0.0000000000
19.6800000000 0.0000000000
19.6900000000 0.0000000000
19.7000000000 0.0000000000
19.7100000000 0.0000000000
19.7200000000 0.0000000000
19.7300000000 0.0000000000
19.7400000000 0.0000000000
19.7500000000 0.0000000000
19.7600000000 0.0000000000
19.7700000000 0.0000000000
19.7800000000 0.0000000000
19.7900000000 0.0000000000
19.8000000000 0.0000000000
19.8100000000 0.0000000000
19.8200000000 0.0000000000
19.8300000000 0.0000000000
19.8400000000 0.0000000000
19.8500000000 0.0000000000
19.8600000000 0.0000000000
19.8700000000 0.0000000000
19.8800000000 0.0000000000
19.8900000000 0.0000000000
19.9000000000 0.0000000000
19.9100000000 0.0000000000
19.9200000000 0.0000000000
19.9300000000 0.0000000000
19.9400000000 0.0000000000
19.9500000000 0.0000000000
19.9600000000 0.0000000000
19.9700000000 0.0000000000
19.9800000000 0.0000000000
19.9900000000 0.0000000000
20.0000000000 0.0000000000
20.0100000000 0.0000000000
20.0200000000 0.0000000000
20.0300000000 0.0000000000
20.0400000000 0.0000000000
20.0500000000 0.0000000000
20.0600000000 0.0000000000
20.0700000000 0.0000000000
20.0800000000 0.0000000000
20.0900000000 0.0000000000
20.1000000000 0.0000000000
20.1100000000 0.0000000000
20.1200000000 0.0000000000
20.1300000000 0.0000000000
20.1400000000 0.0000000000
20.1500000000 0.0000000000
20.1600000000 0.0000000000
20.1700000000 0.0000000000
20.1800000000 0.0000000000
20.1900000000 0.0000000000
20.2000000000 0.0000000000
20.2100000000 0.0000000000
20.2200000000 0.0000000000
20.2300000000 0.0000000000
20.2400000000 0.0000000000
20.2500000000 0.0000000000
20.2600000000 0.0000000000
20.2700000000 0.0000000000
20.2800000000 0.0000000000
20.2900000000 0.0000000000
20.3000000000 0.0000000000
20.3100000000 0.0000000000
20.3200000000 0.0000000000
20.3300000000 0.0000000000
20.3400000000 0.0000000000
20.3500000000 0.0000000000
20.3600000000 0.0000000000
20.3700000000 0.0000000000
20.3800000000 0.0000000000
20.3900000000 0.0000000000
20.4000000000 0.0000000000
20.4100000000 0.0000000000
20.4200000000 0.0000000000
20.4300000000 0.0000000000
20.4400000000 0.0000000000
20.4500000000 0.0000000000
20.4600000000 0.0000000000
20.4700000000 0.0000000000
20.4800000000 0.0000000000
20.4900000000 0.0000000000
20.5000000000 0.0000000000
20.5100000000 0.0000000000
20.5200000000 0.0000000000
20.5300000000 0.0000000000
20.5400000000 0.0000000000
20.5500000000 0.0000000000
20.5600000000 0.0000000000
20.5700000000 0.0000000000
20.5800000000 0.0000000000
20.5900000000 0.0000000000
20.6000000000 0.0000000000
20.6100000000 0.0000000000
20.6200000000 0.0000000000
20.6300000000 0.0000000000
20.6400000000 0.0000000000
20.6500000000 0.0000000000
20.6600000000 0.0000000000
20.6700000000 0.0000000000
20.6800000000 0.0000000000
20.6900000000 0.0000000000
20.7000000000 0.0000000000
20.7100000000 0.0000000000
20.7200000000 0.0000000000
20.7300000000 0.0000000000
20.7400000000 0.0000000000
20.7500000000 0.0000000000
20.7600000000 0.0000000000
20.7700000000 0.0000000000
20.7800000000 0.0000000000
20.7900000000 0.0000000000
20.8000000000 0.0000000000
20.8100000000 0.0000000000
20.8200000000 0.0000000000
20.8300000000 0.0000000000
20.8400000000 0.0000000000
20.8500000000 0.0000000000
20.8600000000 0.0000000000
20.8700000000 0.0000000000
20.8800000000 0.0000000000
20.8900000000 0.0000000000
20.9000000000 0.0000000000
20.9100000000 0.0000000000
20.9200000000 0.0000000000
20.9300000000 0.0000000000
20.9400000000 0.0000000000
20.9500000000 0.0000000000
20.9600000000 0.0000000000
20.9700000000 0.0000000000
20.9800000000 0.0000000000
20.9900000000 0.0000000000
21.0000000000 0.0000000000
21.0100000000 0.0000000000
21.0200000000 0.0000000000
21.0300000000 0.0000000000
21.0400000000 0.0000000000
21.0500000000 0.0000000000
21.0600000000 0.0000000000
21.0700000000 0.0000000000
21.0800000000 0.0000000000
21.0900000000 0.0000000000
21.1000000000 0.0000000000
21.1100000000 0.0000000000
21.1200000000 0.0000000000
21.1300000000 0.0000000000
21.1400000000 0.0000000000
21.1500000000 0.0000000000
21.1600000000 0.0000000000
21.1700000000 0.0000000000
21.1800000000 0.0000000000
21.1900000000 0.0000000000
21.2000000000 0.0000000000
21.2100000000 0.0000000000
21.2200000000 0.0000000000
21.2300000000 0.0000000000
21.2400000000 0.0000000000
21.2500000000 0.0000000000
21.2600000000 0.0000000000
21.2700000000 0.0000000000
21.2800000000 0.0000000000
21.2900000000 0.0000000000
21.3000000000 0.0000000000
21.3100000000 0.0000000000
21.3200000000 0.0000000000
21.3300000000 0.0000000000
21.3400000000 0.0000000000
21.3500000000 0.0000000000
21.3600000000 0.0000000000
21.3700000000 0.0000000000
21.3800000000 0.0000000000
21.3900000000 0.0000000000
21.4000000000 0.0000000000
21.4100000000 0.0000000000
21.4200000000 0.0000000000
21.4300000000 0.0000000000
21.4400000000 0.0000000000
21.4500000000 0.0000000000
21.4600000000 0.0000000000
21.4700000000 0.0000000000
21.4800000000 0.0000000000
21.4900000000 0.0000000000
21.5000000000 0.0000000000
21.5100000000 0.0000000000
21.5200000000 0.0000000000
21.5300000000 0.0000000000
21.5400000000 0.0000000000
21.5500000000 0.0000000000
21.5600000000 0.0000000000
21.5700000000 0.0000000000
21.5800000000 0.0000000000
21.5900000000 0.0000000000
21.6000000000 0.0000000000
21.6100000000 0.0000000000
21.6200000000 0.0000000000
21.6300000000 0.0000000000
21.6400000000 0.0000000000
21.6500000000 0.0000000000
21.6600000000 0.0000000000
21.6700000000 0.0000000000
21.6800000000 0.0000000000
21.6900000000 0.0000000000
21.7000000000 0.0000000000
21.7100000000 0.0000000000
21.7200000000 0.0000000000
21.7300000000 0.0000000000
21.7400000000 0.0000000000
21.7500000000 0.0000000000
21.7600000000 0.0000000000
21.7700000000 0.0000000000
21.7800000000 0.0000000000
21.7900000000 0.0000000000
21.8000000000 0.0000000000
21.8100000000 0.0000000000
21.8200000000 0.0000000000
21.8300000000 0.0000000000
21.8400000000 0.0000000000
21.8500000000 0.0000000000
21.8600000000 0.0000000000
21.8700000000 0.0000000000
21.8800000000 0.0000000000
21.8900000000 0.0000000000
21.9000000000 0.0000000000
21.9100000000 0.0000000000
21.9200000000 0.0000000000
21.9300000000 0.0000000000
21.9400000000 0.0000000000
21.9500000000 0.0000000000
21.9600000000 0.0000000000
21.9700000000 0.0000000000
21.9800000000 0.0000000000
21.9900000000 0.0000000000
22.0000000000 0.0000000000
22.0100000000 0.0000000000
22.0200000000 0.0000000000
22.0300000000 0.0000000000
22.0400000000 0.0000000000
22.0500000000 0.0000000000
22.0600000000 0.0000000000
22.0700000000 0.0000000000
22.0800000000 0.0000000000
22.0900000000 0.0000000000
22.1000000000 0.0000000000
22.1100000000 0.0000000000
22.1200000000 0.0000000000
22.1300000000 0.0000000000
22.1400000000 0.0000000000
22.1500000000 0.0000000000
22.1600000000 0.0000000000
22.1700000000 0.0000000000
22.1800000000 0.0000000000
22.1900000000 0.0000000000
22.2000000000 0.0000000000
22.2100000000 0.0000000000
22.2200000000 0.0000000000
22.2300000000 0.0000000000
22.2400000000 0.0000000000
22.2500000000 0.0000000000
22.2600000000 0.0000000000
22.2700000000 0.0000000000
22.2800000000 0.0000000000
22.2900000000 0.0000000000
22.3000000000 0.0000000000
22.3100000000 0.0000000000
22.3200000000 0.0000000000
22.3300000000 0.0000000000
22.3400000000 0.0000000000
22.3500000000 0.0000000000
22.3600000000 0.0000000000
22.3700000000 0.0000000000
22.3800000000 0.0000000000
22.3900000000 0.0000000000
22.4000000000 0.0000000000
22.4100000000 0.0000000000
22.4200000000 0.0000000000
22.4300000000 0.0000000000
22.4400000000 0.0000000000
22.4500000000 0.0000000000
22.4600000000 0.0000000000
22.4700000000 0.0000000000
22.4800000000 0.0000000000
22.4900000000 0.0000000000
22.5000000000 0.0000000000
22.5100000000 0.0000000000
22.5200000000 0.0000000000
22.5300000000 0.0000000000
22.5400000000 0.0000000000
22.5500000000 0.0000000000
22.5600000000 0.0000000000
22.5700000000 0.0000000000
22.5800000000 0.0000000000
22.5900000000 0.0000000000
22.6000000000 0.0000000000
22.6100000000 0.0000000000
22.6200000000 0.0000000000
22.6300000000 0.0000000000
22.6400000000 0.0000000000
22.6500000000 0.0000000000
22.6600000000 0.0000000000
22.6700000000 0.0000000000
22.6800000000 0.0000000000
22.6900000000 0.0000000000
22.7000000000 0.0000000000
22.7100000000 0.0000000000
22.7200000000 0.0000000000
22.7300000000 0.0000000000
22.7400000000 0.0000000000
22.7500000000 0.0000000000
22.7600000000 0.0000000000
22.7700000000 0.0000000000
22.7800000000 0.0000000000
22.7900000000 0.0000000000
22.8000000000 0.0000000000
22.8100000000 0.0000000000
22.8200000000 0.0000000000
22.8300000000 0.0000000000
22.8400000000 0.0000000000
22.8500000000 0.0000000000
22.8600000000 0.0000000000
22.8700000000 0.0000000000
22.8800000000 0.0000000000
22.8900000000 0.0000000000
22.9000000000 0.0000000000
22.9100000000 0.0000000000
22.9200000000 0.0000000000
22.9300000000 0.0000000000
22.9400000000 0.0000000000
22.9500000000 0.0000000000
22.9600000000 0.0000000000
22.9700000000 0.0000000000
22.9800000000 0.0000000000
22.9900000000 0.0000000000
23.0000000000 0.0000000000
23.0100000000 0.0000000000
23.0200000000 0.0000000000
23.0300000000 0.0000000000
23.0400000000 0.0000000000
23.0500000000 0.0000000000
23.0600000000 0.0000000000
23.0700000000 0.0000000000
23.0800000000 0.0000000000
23.0900000000 0.0000000000
23.1000000000 0.0000000000
23.1100000000 0.0000000000
23.1200000000 0.0000000000
23.1300000000 0.0000000000
23.1400000000 0.0000000000
23.1500000000 0.0000000000
23.1600000000 0.0000000000
23.1700000000 0.0000000000
23.1800000000 0.0000000000
23.1900000000 0.0000000000
23.2000000000 0.0000000000
23.2100000000 0.0000000000
23.2200000000 0.0000000000
23.2300000000 0.0000000000
23.2400000000 0.0000000000
23.2500000000 0.0000000000
23.2600000000 0.0000000000
23.2700000000 0.0000000000
23.2800000000 0.0000000000
23.2900000000 0.0000000000
23.3000000000 0.0000000000
23.3100000000 0.0000000000
23.3200000000 0.0000000000
23.3300000000 0.0000000000
23.3400000000 0.0000000000
23.3500000000 0.0000000000
23.3600000000 0.0000000000
23.3700000000 0.0000000000
23.3800000000 0.0000000000
23.3900000000 0.0000000000
23.4000000000 0.0000000000
23.4100000000 0.0000000000
23.4200000000 0.0000000000
23.4300000000 0.0000000000
23.4400000000 0.0000000000
23.4500000000 0.0000000000
23.4600000000 0.0000000000
23.4700000000 0.0000000000
23.4800000000 0.0000000000
23.4900000000 0.0000000000
23.5000000000 0.0000000000
23.5100000000 0.0000000000
23.5200000000 0.0000000000
23.5300000000 0.0000000000
23.5400000000 0.0000000000
23.5500000000 0.0000000000
23.5600000000 0.0000000000
23.5700000000 0.0000000000
23.5800000000 0.0000000000
23.5900000000 0.0000000000
23.6000000000 0.0000000000
23.6100000000 0.0000000000
23.6200000000 0.0000000000
23.6300000000 0.0000000000
23.6400000000 0.0000000000
23.6500000000 0.0000000000
23.6600000000 0.0000000000
23.6700000000 0.0000000000
23.6800000000 0.0000000000
23.6900000000 0.0000000000
23.7000000000 0.0000000000
23.7100000000 0.0000000000
23.7200000000 0.0000000000
23.7300000000 0.0000000000
23.7400000000 0.0000000000
23.7500000000 0.0000000000
23.7600000000 0.0000000000
23.7700000000 0.0000000000
23.7800000000 0.0000000000
23.7900000000 0.0000000000
23.8000000000 0.0000000000
23.8100000000 0.0000000000
23.8200000000 0.0000000000
23.8300000000 0.0000000000
23.8400000000 0.0000000000
23.8500000000 0.0000000000
23.8600000000 0.0000000000
23.8700000000 0.0000000000
23.8800000000 0.0000000000
23.8900000000 0.0000000000
23.9000000000 0.0000000000
23.9100000000 0.0000000000
23.9200000000 0.0000000000
23.9300000000 0.0000000000
23.9400000000 0.0000000000
23.9500000000 0.0000000000
23.9600000000 0.0000000000
23.9700000000 0.0000000000
23.9800000000 0.0000000000
23.9900000000 0.0000000000
24.0000000000 0.0000000000
24.0100000000 0.0000000000
24.0200000000 0.0000000000
24.0300000000 0.0000000000
24.0400000000 0.0000000000
24.0500000000 0.0000000000
24.0600000000 0.0000000000
24.0700000000 0.0000000000
24.0800000000 0.0000000000
24.0900000000 0.0000000000
24.1000000000 0.0000000000
24.1100000000 0.0000000000
24.1200000000 0.0000000000
24.1300000000 0.0000000000
24.1400000000 0.0000000000
24.1500000000 0.0000000000
24.1600000000 0.0000000000
24.1700000000 0.0000000000
24.1800000000 0.0000000000
24.1900000000 0.0000000000
24.2000000000 0.0000000000
24.2100000000 0.0000000000
24.2200000000 0.0000000000
24.2300000000 0.0000000000
24.2400000000 0.0000000000
24.2500000000 0.0000000000
24.2600000000 0.0000000000
24.2700000000 0.0000000000
24.2800000000 0.0000000000
24.2900000000 0.0000000000
24.3000000000 0.0000000000
24.3100000000 0.0000000000
24.3200000000 0.0000000000
24.3300000000 0.0000000000
24.3400000000 0.0000000000
24.3500000000 0.0000000000
24.3600000000 0.0000000000
24.3700000000 0.0000000000
24.3800000000 0.0000000000
24.3900000000 0.0000000000
24.4000000000 0.0000000000
24.4100000000 0.0000000000
24.4200000000 0.0000000000
24.4300000000 0.0000000000
24.4400000000 0.0000000000
24.4500000000 0.0000000000
24.4600000000 0.0000000000
24.4700000000 0.0000000000
24.4800000000 0.0000000000
24.4900000000 0.0000000000
24.5000000000 0.0000000000
24.5100000000 0.0000000000
24.5200000000 0.0000000000
24.5300000000 0.0000000000
24.5400000000 0.0000000000
24.5500000000 0.0000000000
24.5600000000 0.0000000000
24.5700000000 0.0000000000
24.5800000000 0.0000000000
24.5900000000 0.0000000000
24.6000000000 0.0000000000
24.6100000000 0.0000000000
24.6200000000 0.0000000000
24.6300000000 0.0000000000
24.6400000000 0.0000000000
24.6500000000 0.0000000000
24.6600000000 0.0000000000
24.6700000000 0.0000000000
24.6800000000 0.0000000000
24.6900000000 0.0000000000
24.7000000000 0.0000000000
24.7100000000 0.0000000000
24.7200000000 0.0000000000
24.7300000000 0.0000000000
24.7400000000 0.0000000000
24.7500000000 0.0000000000
24.7600000000 0.0000000000
24.7700000000 0.0000000000
24.7800000000 0.0000000000
24.7900000000 0.0000000000
24.8000000000 0.0000000000
24.8100000000 0.0000000000
24.8200000000 0.0000000000
24.8300000000 0.0000000000
24.8400000000 0.0000000000
24.8500000000 0.0000000000
24.8600000000 0.0000000000
24.8700000000 0.0000000000
24.8800000000 0.0000000000
24.8900000000 0.0000000000
24.9000000000 0.0000000000
24.9100000000 0.0000000000
24.9200000000 0.0000000000
24.9300000000 0.0000000000
24.9400000000 0.0000000000
24.9500000000 0.0000000000
24.9600000000 0.0000000000
24.9700000000 0.0000000000
24.9800000000 0.0000000000
24.9900000000 0.0000000000
25.0000000000 0.0000000000
25.0100000000 0.0000000000
25.0200000000 0.0000000000
25.0300000000 0.0000000000
25.0400000000 0.0000000000
25.0500000000 0.0000000000
25.0600000000 0.0000000000
25.0700000000 0.0000000000
25.0800000000 0.0000000000
25.0900000000 0.0000000000
25.1000000000 0.0000000000
25.1100000000 0.0000000000
25.1200000000 0.0000000000
25.1300000000 0.0000000000
25.1400000000 0.0000000000
25.1500000000 0.0000000000
25.1600000000 0.0000000000
25.1700000000 0.0000000000
25.1800000000 0.0000000000
25.1900000000 0.0000000000
25.2000000000 0.0000000000
25.2100000000 0.0000000000
25.2200000000 0.0000000000
25.2300000000 0.0000000000
25.2400000000 0.0000000000
25.2500000000 0.0000000000
25.2600000000 0.0000000000
25.2700000000 0.0000000000
25.2800000000 0.0000000000
25.2900000000 0.0000000000
25.3000000000 0.0000000000
25.3100000000 0.0000000000
25.3200000000 0.0000000000
25.3300000000 0.0000000000
25.3400000000 0.0000000000
25.3500000000 0.0000000000
25.3600000000 0.0000000000
25.3700000000 0.0000000000
25.3800000000 0.0000000000
25.3900000000 0.0000000000
25.4000000000 0.0000000000
25.4100000000 0.0000000000
25.4200000000 0.0000000000
25.4300000000 0.0000000000
25.4400000000 0.0000000000
25.4500000000 0.0000000000
25.4600000000 0.0000000000
25.4700000000 0.0000000000
25.4800000000 0.0000000000
25.4900000000 0.0000000000
25.5000000000 0.0000000000
25.5100000000 0.0000000000
25.5200000000 0.0000000000
25.5300000000 0.0000000000
25.5400000000 0.0000000000
25.5500000000 0.0000000000
25.5600000000 0.0000000000
25.5700000000 0.0000000000
25.5800000000 0.0000000000
25.5900000000 0.0000000000
25.6000000000 0.0000000000
25.6100000000 0.0000000000
25.6200000000 0.0000000000
25.6300000000 0.0000000000
25.6400000000 0.0000000000
25.6500000000 0.0000000000
25.6600000000 0.0000000000
25.6700000000 0.0000000000
25.6800000000 0.0000000000
25.6900000000 0.0000000000
25.7000000000 0.0000000000
25.7100000000 0.0000000000
25.7200000000 0.0000000000
25.7300000000 0.0000000000
25.7400000000 0.0000000000
25.7500000000 0.0000000000
25.7600000000 0.0000000000
25.7700000000 0.0000000000
25.7800000000 0.0000000000
25.7900000000 0.0000000000
25.8000000000 0.0000000000
25.8100000000 0.0000000000
25.8200000000 0.0000000000
25.8300000000 0.0000000000
25.8400000000 0.0000000000
25.8500000000 0.0000000000
25.8600000000 0.0000000000
25.8700000000 0.0000000000
25.8800000000 0.0000000000
25.8900000000 0.0000000000
25.9000000000 0.0000000000
25.9100000000 0.0000000000
25.9200000000 0.0000000000
25.9300000000 0.0000000000
25.9400000000 0.0000000000
25.9500000000 0.0000000000
25.9600000000 0.0000000000
25.9700000000 0.0000000000
25.9800000000 0.0000000000
25.9900000000 0.0000000000
26.0000000000 0.0000000000
26.0100000000 0.0000000000
26.0200000000 0.0000000000
26.0300000000 0.0000000000
26.0400000000 0.0000000000
26.0500000000 0.0000000000
26.0600000000 0.0000000000
26.0700000000 0.0000000000
26.0800000000 0.0000000000
26.0900000000 0.0000000000
26.1000000000 0.0000000000
26.1100000000 0.0000000000
26.1200000000 0.0000000000
26.1300000000 0.0000000000
26.1400000000 0.0000000000
26.1500000000 0.0000000000
26.1600000000 0.0000000000
26.1700000000 0.0000000000
26.1800000000 0.0000000000
26.1900000000 0.0000000000
26.2000000000 0.0000000000
26.2100000000 0.0000000000
26.2200000000 0.0000000000
26.2300000000 0.0000000000
26.2400000000 0.0000000000
26.2500000000 0.0000000000
26.2600000000 0.0000000000
26.2700000000 0.0000000000
26.2800000000 0.0000000000
26.2900000000 0.0000000000
26.3000000000 0.0000000000
26.3100000000 0.0000000000
26.3200000000 0.0000000000
26.3300000000 0.0000000000
26.3400000000 0.0000000000
26.3500000000 0.0000000000
26.3600000000 0.0000000000
26.3700000000 0.0000000000
26.3800000000 0.0000000000
26.3900000000 0.0000000000
26.4000000000 0.0000000000
26.4100000000 0.0000000000
26.4200000000 0.0000000000
26.4300000000 0.0000000000
26.4400000000 0.0000000000
26.4500000000 0.0000000000
26.4600000000 0.0000000000
26.4700000000 0.0000000000
26.4800000000 0.0000000000
26.4900000000 0.0000000000
26.5000000000 0.0000000000
26.5100000000 0.0000000000
26.5200000000 0.0000000000
26.5300000000 0.0000000000
26.5400000000 0.0000000000
26.5500000000 0.0000000000
26.5600000000 0.0000000000
26.5700000000 0.0000000000
26.5800000000 0.0000000000
26.5900000000 0.0000000000
26.6000000000 0.0000000000
26.6100000000 0.0000000000
26.6200000000 0.0000000000
26.6300000000 0.0000000000
26.6400000000 0.0000000000
26.6500000000 0.0000000000
26.6600000000 0.0000000000
26.6700000000 0.0000000000
26.6800000000 0.0000000000
26.6900000000 0.0000000000
26.7000000000 0.0000000000
26.7100000000 0.0000000000
26.7200000000 0.0000000000
26.7300000000 0.0000000000
26.7400000000 0.0000000000
26.7500000000 0.0000000000
26.7600000000 0.0000000000
26.7700000000 0.0000000000
26.7800000000 0.0000000000
26.7900000000 0.0000000000
26.8000000000 0.0000000000
26.8100000000 0.0000000000
26.8200000000 0.0000000000
26.8300000000 0.0000000000
26.8400000000 0.0000000000
26.8500000000 0.0000000000
26.8600000000 0.0000000000
26.8700000000 0.0000000000
26.8800000000 0.0000000000
26.8900000000 0.0000000000
26.9000000000 0.0000000000
26.9100000000 0.0000000000
26.9200000000 0.0000000000
26.9300000000 0.0000000000
26.9400000000 0.0000000000
26.9500000000 0.0000000000
26.9600000000 0.0000000000
26.9700000000 0.0000000000
26.9800000000 0.0000000000
26.9900000000 0.0000000000
27.0000000000 0.0000000000
27.0100000000 0.0000000000
27.0200000000 0.0000000000
27.0300000000 0.0000000000
27.0400000000 0.0000000000
27.0500000000 0.0000000000
27.0600000000 0.0000000000
27.0700000000 0.0000000000
27.0800000000 0.0000000000
27.0900000000 0.0000000000
27.1000000000 0.0000000000
27.1100000000 0.0000000000
27.1200000000 0.0000000000
27.1300000000 0.0000000000
27.1400000000 0.0000000000
27.1500000000 0.0000000000
27.1600000000 0.0000000000
27.1700000000 0.0000000000
27.1800000000 0.0000000000
27.1900000000 0.0000000000
27.2000000000 0.0000000000
27.2100000000 0.0000000000
27.2200000000 0.0000000000
27.2300000000 0.0000000000
27.2400000000 0.0000000000
27.2500000000 0.0000000000
27.2600000000 0.0000000000
27.2700000000 0.0000000000
27.2800000000 0.0000000000
27.2900000000 0.0000000000
27.3000000000 0.0000000000
27.3100000000 0.0000000000
27.3200000000 0.0000000000
27.3300000000 0.0000000000
27.3400000000 0.0000000000
27.3500000000 0.0000000000
27.3600000000 0.0000000000
27.3700000000 0.0000000000
27.3800000000 0.0000000000
27.3900000000 0.0000000000
27.4000000000 0.0000000000
27.4100000000 0.0000000000
27.4200000000 0.0000000000
27.4300000000 0.0000000000
27.4400000000 0.0000000000
27.4500000000 0.0000000000
27.4600000000 0.0000000000
27.4700000000 0.0000000000
27.4800000000 0.0000000000
27.4900000000 0.0000000000
27.5000000000 0.0000000000
27.5100000000 0.0000000000
27.5200000000 0.0000000000
27.5300000000 0.0000000000
27.5400000000 0.0000000000
27.5500000000 0.0000000000
27.5600000000 0.0000000000
27.5700000000 0.0000000000
27.5800000000 0.0000000000
27.5900000000 0.0000000000
27.6000000000 0.0000000000
27.6100000000 0.0000000000
27.6200000000 0.0000000000
27.6300000000 0.0000000000
27.6400000000 0.0000000000
27.6500000000 0.0000000000
27.6600000000 0.0000000000
27.6700000000 0.0000000000
27.6800000000 0.0000000000
27.6900000000 0.0000000000
27.7000000000 0.0000000000
27.7100000000 0.0000000000
27.7200000000 0.0000000000
27.7300000000 0.0000000000
27.7400000000 0.0000000000
27.7500000000 0.0000000000
27.7600000000 0.0000000000
27.7700000000 0.0000000000
27.7800000000 0.0000000000
27.7900000000 0.0000000000
27.8000000000 0.0000000000
27.8100000000 0.0000000000
27.8200000000 0.0000000000
27.8300000000 0.0000000000
27.8400000000 0.0000000000
27.8500000000 0.0000000000
27.8600000000 0.0000000000
27.8700000000 0.0000000000
27.8800000000 0.0000000000
27.8900000000 0.0000000000
27.9000000000 0.0000000000
27.9100000000 0.0000000000
27.9200000000 0.0000000000
27.9300000000 0.0000000000
27.9400000000 0.0000000000
27.9500000000 0.0000000000
27.9600000000 0.0000000000
27.9700000000 0.0000000000
27.9800000000 0.0000000000
27.9900000000 0.0000000000
28.0000000000 0.0000000000
28.0100000000 0.0000000000
28.0200000000 0.0000000000
28.0300000000 0.0000000000
28.0400000000 0.0000000000
28.0500000000 0.0000000000
28.0600000000 0.0000000000
28.0700000000 0.0000000000
28.0800000000 0.0000000000
28.0900000000 0.0000000000
28.1000000000 0.0000000000
28.1100000000 0.0000000000
28.1200000000 0.0000000000
28.1300000000 0.0000000000
28.1400000000 0.0000000000
28.1500000000 0.0000000000
28.1600000000 0.0000000000
28.1700000000 0.0000000000
28.1800000000 0.0000000000
28.1900000000 0.0000000000
28.2000000000 0.0000000000
28.2100000000 0.0000000000
28.2200000000 0.0000000000
28.2300000000 0.0000000000
28.2400000000 0.0000000000
28.2500000000 0.0000000000
28.2600000000 0.0000000000
28.2700000000 0.0000000000
28.2800000000 0.0000000000
28.2900000000 0.0000000000
28.3000000000 0.0000000000
28.3100000000 0.0000000000
28.3200000000 0.0000000000
28.3300000000 0.0000000000
28.3400000000 0.0000000000
28.3500000000 0.0000000000
28.3600000000 0.0000000000
28.3700000000 0.0000000000
28.3800000000 0.0000000000
28.3900000000 0.0000000000
28.4000000000 0.0000000000
28.4100000000 0.0000000000
28.4200000000 0.0000000000
28.4300000000 0.0000000000
28.4400000000 0.0000000000
28.4500000000 0.0000000000
28.4600000000 0.0000000000
28.4700000000 0.0000000000
28.4800000000 0.0000000000
28.4900000000 0.0000000000
28.5000000000 0.0000000000
28.5100000000 0.0000000000
28.5200000000 0.0000000000
28.5300000000 0.0000000000
28.5400000000 0.0000000000
28.5500000000 0.0000000000
28.5600000000 0.0000000000
28.5700000000 0.0000000000
28.5800000000 0.0000000000
28.5900000000 0.0000000000
28.6000000000 0.0000000000
28.6100000000 0.0000000000
28.6200000000 0.0000000000
28.6300000000 0.0000000000
28.6400000000 0.0000000000
28.6500000000 0.0000000000
28.6600000000 0.0000000000
28.6700000000 0.0000000000
28.6800000000 0.0000000000
28.6900000000 0.0000000000
28.7000000000 0.0000000000
28.7100000000 0.0000000000
28.7200000000 0.0000000000
28.7300000000 0.0000000000
28.7400000000 0.0000000000
28.7500000000 0.0000000000
28.7600000000 0.0000000000
28.7700000000 0.0000000000
28.7800000000 0.0000000000
28.7900000000 0.0000000000
28.8000000000 0.0000000000
28.8100000000 0.0000000000
28.8200000000 0.0000000000
28.8300000000 0.0000000000
28.8400000000 0.0000000000
28.8500000000 0.0000000000
28.8600000000 0.0000000000
28.8700000000 0.0000000000
28.8800000000 0.0000000000
28.8900000000 0.0000000000
28.9000000000 0.0000000000
28.9100000000 0.0000000000
28.9200000000 0.0000000000
28.9300000000 0.0000000000
28.9400000000 0.0000000000
28.9500000000 0.0000000000
28.9600000000 0.0000000000
28.9700000000 0.0000000000
28.9800000000 0.0000000000
28.9900000000 0.0000000000
29.0000000000 0.0000000000
29.0100000000 0.0000000000
29.0200000000 0.0000000000
29.0300000000 0.0000000000
29.0400000000 0.0000000000
29.0500000000 0.0000000000
29.0600000000 0.0000000000
29.0700000000 0.0000000000
29.0800000000 0.0000000000
29.0900000000 0.0000000000
29.1000000000 0.0000000000
29.1100000000 0.0000000000
29.1200000000 0.0000000000
29.1300000000 0.0000000000
29.1400000000 0.0000000000
29.1500000000 0.0000000000
29.1600000000 0.0000000000
29.1700000000 0.0000000000
29.1800000000 0.0000000000
29.1900000000 0.0000000000
29.2000000000 0.0000000000
29.2100000000 0.0000000000
29.2200000000 0.0000000000
29.2300000000 0.0000000000
29.2400000000 0.0000000000
29.2500000000 0.0000000000
29.2600000000 0.0000000000
29.2700000000 0.0000000000
29.2800000000 0.0000000000
29.2900000000 0.0000000000
29.3000000000 0.0000000000
29.3100000000 0.0000000000
29.3200000000 0.0000000000
29.3300000000 0.0000000000
29.3400000000 0.0000000000
29.3500000000 0.0000000000
29.3600000000 0.0000000000
29.3700000000 0.0000000000
29.3800000000 0.0000000000
29.3900000000 0.0000000000
29.4000000000 0.0000000000
29.4100000000 0.0000000000
29.4200000000 0.0000000000
29.4300000000 0.0000000000
29.4400000000 0.0000000000
29.4500000000 0.0000000000
29.4600000000 0.0000000000
29.4700000000 0.0000000000
29.4800000000 0.0000000000
29.4900000000 0.0000000000
29.5000000000 0.0000000000
29.5100000000 0.0000000000
29.5200000000 0.0000000000
29.5300000000 0.0000000000
29.5400000000 0.0000000000
29.5500000000 0.0000000000
29.5600000000 0.0000000000
29.5700000000 0.0000000000
29.5800000000 0.0000000000
29.5900000000 0.0000000000
29.6000000000 0.0000000000
29.6100000000 0.0000000000
29.6200000000 0.0000000000
29.6300000000 0.0000000000
29.6400000000 0.0000000000
29.6500000000 0.0000000000
29.6600000000 0.0000000000
29.6700000000 0.0000000000
29.6800000000 0.0000000000
29.6900000000 0.0000000000
29.7000000000 0.0000000000
29.7100000000 0.0000000000
29.7200000000 0.0000000000
29.7300000000 0.0000000000
29.7400000000 0.0000000000
29.7500000000 0.0000000000
29.7600000000 0.0000000000
29.7700000000 0.0000000000
29.7800000000 0.0000000000
29.7900000000 0.0000000000
29.8000000000 0.0000000000
29.8100000000 0.0000000000
29.8200000000 0.0000000000
29.8300000000 0.0000000000
29.8400000000 0.0000000000
29.8500000000 0.0000000000
29.8600000000 0.0000000000
29.8700000000 0.0000000000
29.8800000000 0.0000000000
29.8900000000 0.0000000000
29.9000000000 0.0000000000
29.9100000000 0.0000000000
29.9200000000 0.0000000000
29.9300000000 0.0000000000
29.9400000000 0.0000000000
29.9500000000 0.0000000000
29.9600000000 0.0000000000
29.9700000000 0.0000000000
29.9800000000 0.0000000000
29.9900000000 0.0000000000
