10.0000000000 -0.0248602487
10.0100000000 -0.0306342713
10.0200000000 -0.0359765938
10.0300000000 -0.0410441426
10.0400000000 -0.0458932348
10.0500000000 -0.0504325259
10.0600000000 -0.0544191116
10.0700000000 -0.0575260598
10.0800000000 -0.0594708954
10.0900000000 -0.0601239300
10.1000000000 -0.0595205079
10.1100000000 -0.0577927732
10.1200000000 -0.0550909179
10.1300000000 -0.0515364915
10.1400000000 -0.0472080594
10.1500000000 -0.0421449416
10.1600000000 -0.0363592558
10.1700000000 -0.0298544243
10.1800000000 -0.0226535548
10.1900000000 -0.0148407722
10.2000000000 -0.0066070484
10.2100000000 0.0017328827
10.2200000000 0.0097994160
10.2300000000 0.0172812668
10.2400000000 0.0240522935
10.2500000000 0.0301792776
10.2600000000 0.0358330906
10.2700000000 0.0411795756
10.2800000000 0.0462953947
10.2900000000 0.0511144927
10.3000000000 0.0554153798
10.3100000000 0.0588771280
10.3200000000 0.0612027777
10.3300000000 0.0622370266
10.3400000000 0.0619941022
10.3500000000 0.0605972515
10.3600000000 0.0581977351
10.3700000000 0.0549227115
10.3800000000 0.0508569903
10.3900000000 0.0460448190
10.4000000000 0.0405007143
10.4100000000 0.0342263201
10.4200000000 0.0272361301
10.4300000000 0.0195960124
10.4400000000 0.0114698619
10.4500000000 0.0031468591
10.4600000000 -0.0049983520
10.4700000000 -0.0126279050
10.4800000000 -0.0195711230
10.4900000000 -0.0258585756
10.5000000000 -0.0316474000
10.5100000000 -0.0371098414
10.5200000000 -0.0423414688
10.5300000000 -0.0473008771
10.5400000000 -0.0517887798
10.5500000000 -0.0554930388
10.5600000000 -0.0581058498
10.5700000000 -0.0594486339
10.5800000000 -0.0595148386
10.5900000000 -0.0584181474
10.6000000000 -0.0563102407
10.6100000000 -0.0533235574
10.6200000000 -0.0495490738
10.6300000000 -0.0450360689
10.6400000000 -0.0398017934
10.6500000000 -0.0338468352
10.6600000000 -0.0271783090
10.6700000000 -0.0198452614
10.6800000000 -0.0119847409
10.6900000000 -0.0038570483
10.7000000000 0.0041755500
10.7100000000 0.0117557765
10.7200000000 0.0186698248
10.7300000000 0.0249079237
10.7400000000 0.0306084851
10.7500000000 0.0359473613
10.7600000000 0.0410385592
10.7700000000 0.0458666027
10.7800000000 0.0502573936
10.7900000000 0.0539119374
10.8000000000 0.0565155186
10.8100000000 0.0578678153
10.8200000000 0.0579408288
10.8300000000 0.0568376672
10.8400000000 0.0547103213
10.8500000000 0.0516973467
10.8600000000 0.0478972604
10.8700000000 0.0433660046
10.8800000000 0.0381254286
10.8900000000 0.0321773462
10.9000000000 0.0255244596
10.9100000000 0.0182026440
10.9200000000 0.0103254207
10.9300000000 0.0021247376
10.9400000000 -0.0060537115
10.9500000000 -0.0138395713
10.9600000000 -0.0209783569
10.9700000000 -0.0274163748
10.9800000000 -0.0332672049
10.9900000000 -0.0387053222
11.0000000000 -0.0438602057
11.0100000000 -0.0487410689
11.0200000000 -0.0531995636
11.0300000000 -0.0569521398
11.0400000000 -0.0596796488
11.0500000000 -0.0611604082
11.0600000000 -0.0613429194
11.0700000000 -0.0603169575
11.0800000000 -0.0582328558
11.0900000000 -0.0552343505
11.1000000000 -0.0514272247
11.1100000000 -0.0468741588
11.1200000000 -0.0416019710
11.1300000000 -0.0356145548
11.1400000000 -0.0289118978
11.1500000000 -0.0215195157
11.1600000000 -0.0135308096
11.1700000000 -0.0051512358
11.1800000000 0.0032925946
11.1900000000 0.0114237112
11.2000000000 0.0189522017
11.2100000000 0.0257804174
11.2200000000 0.0319931715
11.2300000000 0.0377589977
11.2400000000 0.0432190121
11.2500000000 0.0484040028
11.2600000000 0.0531893621
11.2700000000 0.0573070010
11.2800000000 0.0604352011
11.2900000000 0.0623326381
11.3000000000 0.0629241928
11.3100000000 0.0622846139
11.3200000000 0.0605604521
11.3300000000 0.0578987105
11.3400000000 0.0544108198
11.3500000000 0.0501648038
11.3600000000 0.0451912797
11.3700000000 0.0394954030
11.3800000000 0.0330742082
11.3900000000 0.0259433451
11.4000000000 0.0181768846
11.4100000000 0.0099531884
11.4200000000 0.0015754676
11.4300000000 -0.0065804359
11.4400000000 -0.0141956526
11.4500000000 -0.0211296841
11.4600000000 -0.0274356766
11.4700000000 -0.0332730099
11.4800000000 -0.0387925590
11.4900000000 -0.0440459611
11.5000000000 -0.0489327243
11.5100000000 -0.0532022417
11.5200000000 -0.0565337240
11.5300000000 -0.0586695089
11.5400000000 -0.0595124598
11.5500000000 -0.0591224345
11.5600000000 -0.0576419440
11.5700000000 -0.0552212159
11.5800000000 -0.0519775488
11.5900000000 -0.0479846900
11.6000000000 -0.0432775603
11.6100000000 -0.0378632839
11.6200000000 -0.0317370029
11.6300000000 -0.0249059884
11.6400000000 -0.0174264738
11.6500000000 -0.0094497240
11.6600000000 -0.0012519119
11.6700000000 0.0067993628
11.6800000000 0.0143621554
11.6900000000 0.0212530833
11.7000000000 0.0274889157
11.7100000000 0.0332150941
11.7200000000 0.0385899090
11.7300000000 0.0436859290
11.7400000000 0.0484288260
11.7500000000 0.0525891884
11.7600000000 0.0558513583
11.7700000000 0.0579438883
11.7800000000 0.0587475941
11.7900000000 0.0583061847
11.8000000000 0.0567574167
11.8100000000 0.0542551414
11.8200000000 0.0509237161
11.8300000000 0.0468441729
11.8400000000 0.0420574782
11.8500000000 0.0365746949
11.8600000000 0.0303914984
11.8700000000 0.0235099449
11.8800000000 0.0159722920
11.8900000000 0.0079061506
11.9000000000 -0.0004387974
11.9100000000 -0.0087071355
11.9200000000 -0.0165393423
11.9300000000 -0.0237106569
11.9400000000 -0.0301976152
11.9500000000 -0.0361259124
11.9600000000 -0.0416565283
11.9700000000 -0.0468800095
11.9800000000 -0.0517469364
11.9900000000 -0.0560496808
12.0000000000 -0.0594796149
12.0100000000 -0.0617527802
12.0200000000 -0.0627270001
12.0300000000 -0.0624272560
12.0400000000 -0.0609839691
12.0500000000 -0.0585528710
12.0600000000 -0.0552643859
12.0700000000 -0.0512062631
12.0800000000 -0.0464251922
12.0900000000 -0.0409361354
12.1000000000 -0.0347357758
12.1100000000 -0.0278223067
12.1200000000 -0.0202264516
12.1300000000 -0.0120550503
12.1400000000 -0.0035324049
12.1500000000 0.0050014097
12.1600000000 0.0131757037
12.1700000000 0.0207289658
12.1800000000 0.0275971789
12.1900000000 0.0338827113
12.2000000000 0.0397451629
12.2100000000 0.0452895066
12.2200000000 0.0504883726
12.2300000000 0.0551544678
12.2400000000 0.0589869024
12.2500000000 0.0616912556
12.2600000000 0.0631037077
12.2700000000 0.0632301407
12.2800000000 0.0621921205
12.2900000000 0.0601454571
12.3000000000 0.0572249444
12.3100000000 0.0535235069
12.3200000000 0.0490921608
12.3300000000 0.0439485618
12.3400000000 0.0380895230
12.3500000000 0.0315090135
12.3600000000 0.0242264264
12.3700000000 0.0163279919
12.3800000000 0.0080110052
12.3900000000 -0.0004050672
12.4000000000 -0.0085460504
12.4100000000 -0.0161189608
12.4200000000 -0.0230192077
12.4300000000 -0.0293227730
12.4400000000 -0.0351852077
12.4500000000 -0.0407248023
12.4600000000 -0.0459364856
12.4700000000 -0.0506549504
12.4800000000 -0.0545902088
12.4900000000 -0.0574410713
12.5000000000 -0.0590246463
12.5100000000 -0.0593286733
12.5200000000 -0.0584660625
12.5300000000 -0.0565929836
12.5400000000 -0.0538491804
12.5500000000 -0.0503335281
12.5600000000 -0.0461022363
12.5700000000 -0.0411766129
12.5800000000 -0.0355547460
12.5900000000 -0.0292278576
12.6000000000 -0.0222058357
12.6100000000 -0.0145559258
12.6200000000 -0.0064482424
12.6300000000 0.0018221928
12.6400000000 0.0098842964
12.6500000000 0.0174179743
12.6600000000 0.0242765669
12.6700000000 0.0305045098
12.6800000000 0.0362488399
12.6900000000 0.0416393500
12.7000000000 0.0466939738
12.7100000000 0.0512721334
12.7200000000 0.0550986662
12.7300000000 0.0578688179
12.7400000000 0.0593813793
12.7500000000 0.0596046858
12.7600000000 0.0586416165
12.7700000000 0.0566484141
12.7800000000 0.0537705427
12.7900000000 0.0501141773
12.8000000000 0.0457423040
12.8100000000 0.0406816075
12.8200000000 0.0349334314
12.8300000000 0.0284887547
12.8400000000 0.0213512815
12.8500000000 0.0135733130
12.8600000000 0.0053012816
12.8700000000 -0.0031937790
12.8800000000 -0.0115476533
12.8900000000 -0.0194178541
12.9000000000 -0.0266163222
12.9100000000 -0.0331519503
12.9200000000 -0.0391577927
12.9300000000 -0.0447706333
12.9400000000 -0.0500284295
12.9500000000 -0.0548140356
12.9600000000 -0.0588675898
12.9700000000 -0.0618820163
12.9800000000 -0.0636378879
12.9900000000 -0.0640823389
13.0000000000 -0.0633055449
13.0100000000 -0.0614614600
13.0200000000 -0.0586995637
13.0300000000 -0.0551320979
13.0400000000 -0.0508278526
13.0500000000 -0.0458181115
13.0600000000 -0.0401069923
13.0700000000 -0.0336853007
13.0800000000 -0.0265515237
13.0900000000 -0.0187450042
13.1000000000 -0.0103906707
13.1100000000 -0.0017356713
13.1200000000 0.0068666329
13.1300000000 0.0150577034
13.1400000000 0.0226120008
13.1500000000 0.0295022285
13.1600000000 0.0358442052
13.1700000000 0.0417781188
13.1800000000 0.0473587858
13.1900000000 0.0524901881
13.2000000000 0.0569272315
13.2100000000 0.0603620452
13.2200000000 0.0625591747
13.2300000000 0.0634456315
13.2400000000 0.0630984598
13.2500000000 0.0616680583
13.2600000000 0.0593064330
13.2700000000 0.0561304304
13.2800000000 0.0522132588
13.2900000000 0.0475895187
13.3000000000 0.0422649887
13.3100000000 0.0362294832
13.3200000000 0.0294758851
13.3300000000 0.0220305347
13.3400000000 0.0139963548
13.3500000000 0.0055939016
13.3600000000 -0.0028404245
13.3700000000 -0.0109393039
13.3800000000 -0.0184434717
13.3900000000 -0.0252882251
13.4000000000 -0.0315690200
13.4100000000 -0.0374274522
13.4200000000 -0.0429350679
13.4300000000 -0.0480184765
13.4400000000 -0.0524503352
13.4500000000 -0.0559258055
13.4600000000 -0.0581965988
13.4700000000 -0.0591712209
13.4800000000 -0.0589141577
13.4900000000 -0.0575727788
13.5000000000 -0.0553025188
13.5100000000 -0.0522260244
13.5200000000 -0.0484222413
13.5300000000 -0.0439304506
13.5400000000 -0.0387595306
13.5500000000 -0.0328999327
13.5600000000 -0.0263408883
13.5700000000 -0.0190979677
13.5800000000 -0.0112539104
13.5900000000 -0.0030024074
13.6000000000 0.0053409750
13.6100000000 0.0134058968
13.6200000000 0.0209020444
13.6300000000 0.0277244758
13.6400000000 0.0339428979
13.6500000000 0.0396962972
13.6600000000 0.0450717157
13.6700000000 0.0500196942
13.6800000000 0.0543337364
13.6900000000 0.0577153667
13.7000000000 0.0599049497
13.7100000000 0.0607915139
13.7200000000 0.0604250747
13.7300000000 0.0589488299
13.7400000000 0.0565217246
13.7500000000 0.0532731196
13.7600000000 0.0492889836
13.7700000000 0.0446147076
13.7800000000 0.0392638416
13.7900000000 0.0332293583
13.8000000000 0.0264993423
13.8100000000 0.0190820163
13.8200000000 0.0110440894
13.8300000000 0.0025558195
13.8400000000 -0.0060878567
13.8500000000 -0.0145173020
13.8600000000 -0.0224151770
13.8700000000 -0.0296362907
13.8800000000 -0.0362205923
13.8900000000 -0.0422993158
13.9000000000 -0.0479706142
13.9100000000 -0.0532059114
13.9200000000 -0.0578182256
13.9300000000 -0.0615157356
13.9400000000 -0.0640280206
13.9500000000 -0.0652238852
13.9600000000 -0.0651367249
13.9700000000 -0.0639030050
13.9800000000 -0.0616829213
13.9900000000 -0.0586106898
14.0000000000 -0.0547777085
14.0100000000 -0.0502340546
14.0200000000 -0.0449967089
14.0300000000 -0.0390602458
14.0400000000 -0.0324112647
14.0500000000 -0.0250511883
14.0600000000 -0.0170321146
14.0700000000 -0.0085021194
14.0800000000 0.0002656513
14.0900000000 0.0089071553
14.1000000000 0.0170841579
14.1100000000 0.0246142960
14.1200000000 0.0315067642
14.1300000000 0.0378821158
14.1400000000 0.0438465552
14.1500000000 0.0493898463
14.1600000000 0.0543431958
14.1700000000 0.0584221350
14.1800000000 0.0613477671
14.1900000000 0.0629708833
14.2000000000 0.0633091392
14.2100000000 0.0624919158
14.2200000000 0.0606797049
14.2300000000 0.0580104470
14.2400000000 0.0545798281
14.2500000000 0.0504415088
14.2600000000 0.0456148767
14.2700000000 0.0400952299
14.2800000000 0.0338670559
14.2900000000 0.0269246604
14.3000000000 0.0193052725
14.3100000000 0.0111335883
14.3200000000 0.0026571945
14.3300000000 -0.0057721222
14.3400000000 -0.0138015886
14.3500000000 -0.0212136040
14.3600000000 -0.0279842727
14.3700000000 -0.0342204837
14.3800000000 -0.0400353907
14.3900000000 -0.0454382056
14.4000000000 -0.0502812160
14.4100000000 -0.0542912577
14.4200000000 -0.0571845884
14.4300000000 -0.0587960763
14.4400000000 -0.0591284014
14.4500000000 -0.0583044271
14.4600000000 -0.0564859978
14.4700000000 -0.0538163129
14.4800000000 -0.0503971083
14.4900000000 -0.0462874480
14.5000000000 -0.0415109621
14.5100000000 -0.0360655881
14.5200000000 -0.0299358277
14.5300000000 -0.0231113378
14.5400000000 -0.0156171723
14.5500000000 -0.0075567225
14.5600000000 0.0008482771
14.5700000000 0.0092620091
14.5800000000 0.0173218403
14.5900000000 0.0247758914
14.6000000000 0.0315632765
14.6100000000 0.0377718776
14.6200000000 0.0435183241
14.6300000000 0.0488305948
14.6400000000 0.0535837281
14.6500000000 0.0575186677
14.6600000000 0.0603487295
14.6700000000 0.0618923917
14.6800000000 0.0621352047
14.6900000000 0.0611915189
14.7000000000 0.0592237125
14.7100000000 0.0563804719
14.7200000000 0.0527703680
14.7300000000 0.0484588676
14.7400000000 0.0434749494
14.7500000000 0.0378204730
14.7600000000 0.0314816345
14.7700000000 0.0244458626
14.7800000000 0.0167294859
14.7900000000 0.0084187450
14.8000000000 -0.0002873045
14.8100000000 -0.0090690796
14.8200000000 -0.0175578838
14.8300000000 -0.0254709929
14.8400000000 -0.0327100029
14.8500000000 -0.0393398441
14.8600000000 -0.0454757156
14.8700000000 -0.0511600055
14.8800000000 -0.0562874292
14.8900000000 -0.0606117978
14.9000000000 -0.0638436948
14.9100000000 -0.0657853120
14.9200000000 -0.0664039118
14.9300000000 -0.0658031403
14.9400000000 -0.0641434431
14.9500000000 -0.0615766674
14.9600000000 -0.0582160868
14.9700000000 -0.0541315870
14.9800000000 -0.0493556444
14.9900000000 -0.0438923801
15.0000000000 -0.0377283669
15.0100000000 -0.0308480772
15.0200000000 -0.0232592050
15.0300000000 -0.0150315487
15.0400000000 -0.0063415504
15.0500000000 0.0025100687
15.0600000000 0.0111542512
15.0700000000 0.0192830508
15.0800000000 0.0267626264
15.0900000000 0.0336336292
15.1000000000 0.0400072912
15.1100000000 0.0459380553
15.1200000000 0.0513387945
15.1300000000 0.0559762898
15.1400000000 0.0595604051
15.1500000000 0.0618798616
15.1600000000 0.0628856906
15.1700000000 0.0626715918
15.1800000000 0.0613959338
15.1900000000 0.0592131823
15.2000000000 0.0562406475
15.2100000000 0.0525519457
15.2200000000 0.0481823799
15.2300000000 0.0431377186
15.2400000000 0.0374044160
15.2500000000 0.0309636810
15.2600000000 0.0238144166
15.2700000000 0.0160095317
15.2800000000 0.0077009511
15.2900000000 -0.0008341591
15.3000000000 -0.0092331138
15.3100000000 -0.0171676096
15.3200000000 -0.0244683281
15.3300000000 -0.0311484534
15.3400000000 -0.0373127474
15.3500000000 -0.0430277832
15.3600000000 -0.0482271153
15.3700000000 -0.0526945298
15.3800000000 -0.0561431966
15.3900000000 -0.0583508504
15.4000000000 -0.0592530856
15.4100000000 -0.0589339844
15.4200000000 -0.0575507583
15.4300000000 -0.0552621561
15.4400000000 -0.0521916162
15.4500000000 -0.0484187121
15.4600000000 -0.0439838079
15.4700000000 -0.0388965648
15.4800000000 -0.0331456697
15.4900000000 -0.0267116822
15.5000000000 -0.0195877166
15.5100000000 -0.0118129875
15.5200000000 -0.0035172713
15.5300000000 0.0050460543
15.5400000000 0.0135240332
15.5500000000 0.0215714202
15.5600000000 0.0289828048
15.5700000000 0.0357393166
15.5800000000 0.0419341839
15.5900000000 0.0476431759
15.6000000000 0.0528202116
15.6100000000 0.0572676370
15.6200000000 0.0607036689
15.6300000000 0.0628950762
15.6400000000 0.0637599809
15.6500000000 0.0633702255
15.6600000000 0.0618800803
15.6700000000 0.0594519134
15.6800000000 0.0562153565
15.6900000000 0.0522563296
15.7000000000 0.0476207748
15.7100000000 0.0423228756
15.7200000000 0.0363544210
15.7300000000 0.0296966939
15.7400000000 0.0223392706
15.7500000000 0.0143110508
15.7600000000 0.0057236445
15.7700000000 -0.0031907238
15.7800000000 -0.0120898197
15.7900000000 -0.0206154385
15.8000000000 -0.0285290059
15.8100000000 -0.0357786663
15.8200000000 -0.0424422189
15.8300000000 -0.0485998317
15.8400000000 -0.0542214478
15.8500000000 -0.0591251120
15.8600000000 -0.0630332651
15.8700000000 -0.0657021055
15.8800000000 -0.0670322437
15.8900000000 -0.0670820068
15.9000000000 -0.0660005535
15.9100000000 -0.0639513852
15.9200000000 -0.0610678333
15.9300000000 -0.0574397536
15.9400000000 -0.0531163529
15.9500000000 -0.0481141489
15.9600000000 -0.0424260429
15.9700000000 -0.0360323987
15.9800000000 -0.0289181708
15.9900000000 -0.0211015248
16.0000000000 -0.0126757149
16.0100000000 -0.0038504293
16.0200000000 0.0050469803
16.0300000000 0.0136515277
16.0400000000 0.0216961688
16.0500000000 0.0290970365
16.0600000000 0.0359149675
16.0700000000 0.0422325875
16.0800000000 0.0480345811
16.0900000000 0.0531546882
16.1000000000 0.0573213216
16.1100000000 0.0602831112
16.1200000000 0.0619260217
16.1300000000 0.0622966595
16.1400000000 0.0615398618
16.1500000000 0.0598205042
16.1600000000 0.0572756371
16.1700000000 0.0539989892
16.1800000000 0.0500429403
16.1900000000 0.0454262478
16.2000000000 0.0401428648
16.2100000000 0.0341722609
16.2200000000 0.0274949000
16.2300000000 0.0201182949
16.2400000000 0.0121167298
16.2500000000 0.0036747908
16.2600000000 -0.0049003660
16.2700000000 -0.0132431225
16.2800000000 -0.0210608144
16.2900000000 -0.0282356439
16.3000000000 -0.0348079140
16.3100000000 -0.0408611030
16.3200000000 -0.0463961213
16.3300000000 -0.0512661864
16.3400000000 -0.0552100107
16.3500000000 -0.0579715546
16.3600000000 -0.0594229230
16.3700000000 -0.0595988525
16.3800000000 -0.0586402782
16.3900000000 -0.0567149169
16.4000000000 -0.0539657300
16.4100000000 -0.0504928058
16.4200000000 -0.0463542325
16.4300000000 -0.0415735266
16.4400000000 -0.0361482451
16.4500000000 -0.0300596785
16.4600000000 -0.0232868664
16.4700000000 -0.0158302104
16.4800000000 -0.0077487452
16.4900000000 0.0007953642
16.5000000000 0.0095152779
16.5100000000 0.0180476009
16.5200000000 0.0260761714
16.5300000000 0.0334473890
16.5400000000 0.0401761372
16.5500000000 0.0463420703
16.5600000000 0.0519597614
16.5700000000 0.0569015743
16.5800000000 0.0609173537
16.5900000000 0.0637465649
16.6000000000 0.0652457917
16.6100000000 0.0654350519
16.6200000000 0.0644487849
16.6300000000 0.0624559121
16.6400000000 0.0596044747
16.6500000000 0.0560005183
16.6600000000 0.0517076176
16.6700000000 0.0467539272
16.6800000000 0.0411406389
16.6900000000 0.0348512160
16.7000000000 0.0278642491
16.7100000000 0.0201750216
16.7200000000 0.0118304905
16.7300000000 0.0029739485
16.7400000000 -0.0061263472
16.7500000000 -0.0151111990
16.7600000000 -0.0236451545
16.7700000000 -0.0315412466
16.7800000000 -0.0387876311
16.7900000000 -0.0454562050
16.8000000000 -0.0515704545
16.8100000000 -0.0570178098
16.8200000000 -0.0615571202
16.8300000000 -0.0649234072
16.8400000000 -0.0669585693
16.8500000000 -0.0676678867
16.8600000000 -0.0671779695
16.8700000000 -0.0656567358
16.8800000000 -0.0632547451
16.8900000000 -0.0600813712
16.9000000000 -0.0562030898
16.9100000000 -0.0516501916
16.9200000000 -0.0464251211
16.9300000000 -0.0405113254
16.9400000000 -0.0338850812
16.9500000000 -0.0265351486
16.9600000000 -0.0184953962
16.9700000000 -0.0098889334
16.9800000000 -0.0009623999
16.9900000000 0.0079347206
17.0000000000 0.0164537392
17.0100000000 0.0243776329
17.0200000000 0.0316677347
17.0300000000 0.0383867476
17.0400000000 0.0445661305
17.0500000000 0.0501086659
17.0600000000 0.0547840194
17.0700000000 0.0583258453
17.0800000000 0.0605646461
17.0900000000 0.0614934920
17.1000000000 0.0612327900
17.1100000000 0.0599505348
17.1200000000 0.0578006437
17.1300000000 0.0548965527
17.1400000000 0.0513083094
17.1500000000 0.0470689658
17.1600000000 0.0421828215
17.1700000000 0.0366339222
17.1800000000 0.0303968916
17.1900000000 0.0234546396
17.2000000000 0.0158283309
17.2100000000 0.0076201469
17.2200000000 -0.0009479743
17.2300000000 -0.0095416994
17.2400000000 -0.0178039369
17.2500000000 -0.0254881460
17.2600000000 -0.0325254527
17.2700000000 -0.0389660254
17.2800000000 -0.0448489600
17.2900000000 -0.0500952211
17.3000000000 -0.0544895644
17.3100000000 -0.0577675628
17.3200000000 -0.0597491883
17.3300000000 -0.0604145797
17.3400000000 -0.0598775247
17.3500000000 -0.0583069624
17.3600000000 -0.0558621268
17.3700000000 -0.0526630140
17.3800000000 -0.0487858918
17.3900000000 -0.0442692184
17.4000000000 -0.0391217859
17.4100000000 -0.0333309608
17.4200000000 -0.0268726948
17.4300000000 -0.0197275137
17.4400000000 -0.0119079523
17.4500000000 -0.0034995106
17.4600000000 0.0052976150
17.4700000000 0.0141642637
17.4800000000 0.0227372608
17.4900000000 0.0307415289
17.5000000000 0.0380752597
17.5100000000 0.0447711707
17.5200000000 0.0508716041
17.5300000000 0.0563131844
17.5400000000 0.0608949721
17.5500000000 0.0643541785
17.5600000000 0.0664989554
17.5700000000 0.0672938739
17.5800000000 0.0668430788
17.5900000000 0.0653139588
17.6000000000 0.0628692730
17.6100000000 0.0596342509
17.6200000000 0.0556902856
17.6300000000 0.0510802656
17.6400000000 0.0458166159
17.6500000000 0.0398893731
17.6600000000 0.0332755758
17.6700000000 0.0259538725
17.6800000000 0.0179298029
17.6900000000 0.0092749491
17.7000000000 0.0001705141
17.7100000000 -0.0090790965
17.7200000000 -0.0181077397
17.7300000000 -0.0266161245
17.7400000000 -0.0344713598
17.7500000000 -0.0416869707
17.7600000000 -0.0483045250
17.7700000000 -0.0542718070
17.7800000000 -0.0593989825
17.7900000000 -0.0634242036
17.8000000000 -0.0661450432
17.8100000000 -0.0675117696
17.8200000000 -0.0676188181
17.8300000000 -0.0666305900
17.8400000000 -0.0647111292
17.8500000000 -0.0619883495
17.8600000000 -0.0585461622
17.8700000000 -0.0544293172
17.8800000000 -0.0496513765
17.8900000000 -0.0442026550
17.9000000000 -0.0380590520
17.9100000000 -0.0311953636
17.9200000000 -0.0236084315
17.9300000000 -0.0153541949
17.9400000000 -0.0065922045
17.9500000000 0.0023926063
17.9600000000 0.0112374759
17.9700000000 0.0196240309
17.9800000000 0.0273899081
17.9900000000 0.0345285862
18.0000000000 0.0410800597
18.0100000000 0.0470038883
18.0200000000 0.0521235363
18.0300000000 0.0561814159
18.0400000000 0.0589680266
18.0500000000 0.0604222023
18.0600000000 0.0606308130
18.0700000000 0.0597570465
18.0800000000 0.0579678965
18.0900000000 0.0553955785
18.1000000000 0.0521280788
18.1100000000 0.0482134930
18.1200000000 0.0436679394
18.1300000000 0.0384833902
18.1400000000 0.0326359821
18.1500000000 0.0260980487
18.1600000000 0.0188590311
18.1700000000 0.0109599765
18.1800000000 0.0025379874
18.1900000000 -0.0061447972
18.2000000000 -0.0147339097
18.2100000000 -0.0228947829
18.2200000000 -0.0304338968
18.2300000000 -0.0373205328
18.2400000000 -0.0435906036
18.2500000000 -0.0492164616
18.2600000000 -0.0540383924
18.2700000000 -0.0578064710
18.2800000000 -0.0603051673
18.2900000000 -0.0614606757
18.3000000000 -0.0613508560
18.3100000000 -0.0601375623
18.3200000000 -0.0579920641
18.3300000000 -0.0550530539
18.3400000000 -0.0514150820
18.3500000000 -0.0471321289
18.3600000000 -0.0422253937
18.3700000000 -0.0366910677
18.3800000000 -0.0305082583
18.3900000000 -0.0236499670
18.4000000000 -0.0161020429
18.4100000000 -0.0078952272
18.4200000000 0.0008511014
18.4300000000 0.0098944879
18.4400000000 0.0188888106
18.4500000000 0.0274852025
18.4600000000 0.0354590996
18.4700000000 0.0427523387
18.4800000000 0.0493918262
18.4900000000 0.0553583178
18.5000000000 0.0605061141
18.5100000000 0.0645915284
18.5200000000 0.0673917673
18.5300000000 0.0688182682
18.5400000000 0.0689369521
18.5500000000 0.0679053307
18.5600000000 0.0658963011
18.5700000000 0.0630527532
18.5800000000 0.0594737591
18.5900000000 0.0552172817
18.6000000000 0.0503078124
18.6100000000 0.0447441238
18.6200000000 0.0385069235
18.6300000000 0.0315690087
18.6400000000 0.0239126139
18.6500000000 0.0155593189
18.6600000000 0.0066128374
18.6700000000 -0.0027025806
18.6800000000 -0.0120504236
18.6900000000 -0.0210717193
18.7000000000 -0.0295149967
18.7100000000 -0.0372957374
18.7200000000 -0.0444296451
18.7300000000 -0.0509019643
18.7400000000 -0.0565774018
18.7500000000 -0.0612170779
18.7600000000 -0.0645921431
18.7700000000 -0.0666015662
18.7800000000 -0.0673007201
18.7900000000 -0.0668425355
18.8000000000 -0.0654000540
18.8100000000 -0.0631182594
18.8200000000 -0.0600984310
18.8300000000 -0.0564001718
18.8400000000 -0.0520489537
18.8500000000 -0.0470438687
18.8600000000 -0.0413650340
18.8700000000 -0.0349829558
18.8800000000 -0.0278742807
18.8900000000 -0.0200494171
18.9000000000 -0.0115938191
18.9100000000 -0.0027093771
18.9200000000 0.0062831245
18.9300000000 0.0150209000
18.9400000000 0.0232289797
18.9500000000 0.0307964413
18.9600000000 0.0377268342
18.9700000000 0.0440104530
18.9800000000 0.0495249893
18.9900000000 0.0540401569
19.0000000000 0.0573247970
19.0100000000 0.0592683096
19.0200000000 0.0599177314
19.0300000000 0.0594235250
19.0400000000 0.0579611890
19.0500000000 0.0556802629
19.0600000000 0.0526867079
19.0700000000 0.0490441700
19.0800000000 0.0447814111
19.0900000000 0.0399000732
19.1000000000 0.0343818709
19.1100000000 0.0281972054
19.1200000000 0.0213193172
19.1300000000 0.0137494378
19.1400000000 0.0055559559
19.1500000000 -0.0030822923
19.1600000000 -0.0118633955
19.1700000000 -0.0204244717
19.1800000000 -0.0284676883
19.1900000000 -0.0358523322
19.2000000000 -0.0425656832
19.2100000000 -0.0486017271
19.2200000000 -0.0538530180
19.2300000000 -0.0581007810
19.2400000000 -0.0611126986
19.2500000000 -0.0627671147
19.2600000000 -0.0631002810
19.2700000000 -0.0622588184
19.2800000000 -0.0604209809
19.2900000000 -0.0577423326
19.3000000000 -0.0543355094
19.3100000000 -0.0502703373
19.3200000000 -0.0455810154
19.3300000000 -0.0402739010
19.3400000000 -0.0343345835
19.3500000000 -0.0277359329
19.3600000000 -0.0204509474
19.3700000000 -0.0124757719
19.3800000000 -0.0038667793
19.3900000000 0.0052151929
19.4000000000 0.0144841230
19.4100000000 0.0235773791
19.4200000000 0.0321759402
19.4300000000 0.0401087976
19.4400000000 0.0473432964
19.4500000000 0.0538719687
19.4600000000 0.0595975880
19.4700000000 0.0643098299
19.4800000000 0.0677735184
19.4900000000 0.0698543891
19.5000000000 0.0705756006
19.5100000000 0.0700769457
19.5200000000 0.0685362418
19.5300000000 0.0661119666
19.5400000000 0.0629204682
19.5500000000 0.0590349261
19.5600000000 0.0544922688
19.5700000000 0.0493009909
19.5800000000 0.0434481633
19.5900000000 0.0369070497
19.6000000000 0.0296488945
19.6100000000 0.0216641424
19.6200000000 0.0129976051
19.6300000000 0.0037930625
19.6400000000 -0.0056796443
19.6500000000 -0.0150612297
19.6600000000 -0.0240163674
19.6700000000 -0.0323472433
19.6800000000 -0.0400014729
19.6900000000 -0.0469677069
19.7000000000 -0.0531557851
19.7100000000 -0.0583621089
19.7200000000 -0.0623496342
19.7300000000 -0.0649744061
19.7400000000 -0.0662492380
19.7500000000 -0.0663082992
19.7600000000 -0.0653286318
19.7700000000 -0.0634703593
19.7800000000 -0.0608518773
19.7900000000 -0.0575479337
19.8000000000 -0.0535963835
19.8100000000 -0.0490060615
19.8200000000 -0.0437637351
19.8300000000 -0.0378412911
19.8400000000 -0.0312064493
19.8500000000 -0.0238420715
19.8600000000 -0.0157790446
19.8700000000 -0.0071404808
19.8800000000 0.0018255457
19.8900000000 0.0107699041
19.9000000000 0.0193460763
19.9100000000 0.0273306458
19.9200000000 0.0346503589
19.9300000000 0.0412898832
19.9400000000 0.0471686241
19.9500000000 0.0520939548
19.9600000000 0.0558310872
19.9700000000 0.0582291818
19.9800000000 0.0592925464
19.9900000000 0.0591516648
20.0000000000 0.0579853888
20.0100000000 0.0559585907
20.0200000000 0.0531950134
20.0300000000 0.0497742529
20.0400000000 0.0457382684
20.0500000000 0.0410993053
20.0600000000 0.0358468239
20.0700000000 0.0299543093
20.0800000000 0.0233889609
20.0900000000 0.0161290741
20.1000000000 0.0081943771
20.1100000000 -0.0003109357
20.1200000000 -0.0091609220
20.1300000000 -0.0180190977
20.1400000000 -0.0265297891
20.1500000000 -0.0344425231
20.1600000000 -0.0416588929
20.1700000000 -0.0481560848
20.1800000000 -0.0538625971
20.1900000000 -0.0585983663
20.2000000000 -0.0621317480
20.2100000000 -0.0643034120
20.2200000000 -0.0651059436
20.2300000000 -0.0646634673
20.2400000000 -0.0631556240
20.2500000000 -0.0607524229
20.2600000000 -0.0575840848
20.2700000000 -0.0537364527
20.2800000000 -0.0492570510
20.2900000000 -0.0441630242
20.3000000000 -0.0384480957
20.3100000000 -0.0320891360
20.3200000000 -0.0250550738
20.3300000000 -0.0173227272
20.3400000000 -0.0089049724
20.3500000000 0.0001075199
20.3600000000 0.0095058645
20.3700000000 0.0189638272
20.3800000000 0.0281175621
20.3900000000 0.0366911548
20.4000000000 0.0445599647
20.4100000000 0.0516894497
20.4200000000 0.0580116345
20.4300000000 0.0633543201
20.4400000000 0.0674863481
20.4500000000 0.0702386888
20.4600000000 0.0715908872
20.4700000000 0.0716583737
20.4800000000 0.0706183521
20.4900000000 0.0686423278
20.5000000000 0.0658632828
20.5100000000 0.0623696619
20.5200000000 0.0582110240
20.5300000000 0.0534060037
20.5400000000 0.0479493214
20.5500000000 0.0418181712
20.5600000000 0.0349804937
20.5700000000 0.0274094938
20.5800000000 0.0191098930
20.5900000000 0.0101583001
20.6000000000 0.0007458603
20.6100000000 -0.0088138709
20.6200000000 -0.0181535414
20.6300000000 -0.0269766433
20.6400000000 -0.0351347171
20.6500000000 -0.0425809945
20.6600000000 -0.0492490682
20.6700000000 -0.0549732607
20.6800000000 -0.0595238397
20.6900000000 -0.0627252958
20.7000000000 -0.0645479052
20.7100000000 -0.0651010279
20.7200000000 -0.0645604717
20.7300000000 -0.0630991491
20.7400000000 -0.0608521460
20.7500000000 -0.0579096286
20.7600000000 -0.0543222298
20.7700000000 -0.0501090768
20.7800000000 -0.0452648547
20.7900000000 -0.0397660082
20.8000000000 -0.0335783510
20.8100000000 -0.0266701759
20.8200000000 -0.0190363112
20.8300000000 -0.0107365163
20.8400000000 -0.0019395323
20.8500000000 0.0070603563
20.8600000000 0.0158986738
20.8700000000 0.0242612468
20.8800000000 0.0319749553
20.8900000000 0.0389796427
20.9000000000 0.0452120792
20.9100000000 0.0505173664
20.9200000000 0.0546717111
20.9300000000 0.0574958707
20.9400000000 0.0589520169
20.9500000000 0.0591446438
20.9600000000 0.0582504792
20.9700000000 0.0564472045
20.9800000000 0.0538758921
20.9900000000 0.0506324199
21.0000000000 0.0467724072
21.0100000000 0.0423192646
21.0200000000 0.0372713370
21.0300000000 0.0316079747
21.0400000000 0.0252965551
21.0500000000 0.0183042581
21.0600000000 0.0106199089
21.0700000000 0.0022900518
21.0800000000 -0.0065365220
21.0900000000 -0.0155845784
21.1000000000 -0.0244939768
21.1100000000 -0.0329331316
21.1200000000 -0.0407012975
21.1300000000 -0.0477204828
21.1400000000 -0.0539277733
21.1500000000 -0.0591785473
21.1600000000 -0.0632549331
21.1700000000 -0.0659721981
21.1800000000 -0.0672807741
21.1900000000 -0.0672765321
21.2000000000 -0.0661346896
21.2100000000 -0.0640367221
21.2200000000 -0.0611296155
21.2300000000 -0.0575152804
21.2400000000 -0.0532547785
21.2500000000 -0.0483763179
21.2600000000 -0.0428824969
21.2700000000 -0.0367563331
21.2800000000 -0.0299678775
21.2900000000 -0.0224849796
21.3000000000 -0.0142933827
21.3100000000 -0.0054308401
21.3200000000 0.0039683319
21.3300000000 0.0136433933
21.3400000000 0.0232373145
21.3500000000 0.0324029704
21.3600000000 0.0409134626
21.3700000000 0.0486710721
21.3800000000 0.0556081852
21.3900000000 0.0615847788
21.4000000000 0.0663851092
21.4100000000 0.0698177305
21.4200000000 0.0718211261
21.4300000000 0.0724814376
21.4400000000 0.0719697531
21.4500000000 0.0704676517
21.4600000000 0.0681238841
21.4700000000 0.0650421666
21.4800000000 0.0612848515
21.4900000000 0.0568809071
21.5000000000 0.0518332660
21.5100000000 0.0461248307
21.5200000000 0.0397247416
21.5300000000 0.0325982595
21.5400000000 0.0247252920
21.5500000000 0.0161326340
21.5600000000 0.0069381781
21.5700000000 -0.0026146159
21.5800000000 -0.0121763820
21.5900000000 -0.0213899041
21.6000000000 -0.0300061025
21.6100000000 -0.0379088097
21.6200000000 -0.0450252443
21.6300000000 -0.0512196054
21.6400000000 -0.0562795843
21.6500000000 -0.0600104288
21.6600000000 -0.0623430366
21.6700000000 -0.0633575595
21.6800000000 -0.0632233704
21.6900000000 -0.0621234485
21.7000000000 -0.0602089596
21.7100000000 -0.0575857700
21.7200000000 -0.0543177235
21.7300000000 -0.0504346618
21.7400000000 -0.0459398875
21.7500000000 -0.0408161419
21.7600000000 -0.0350315062
21.7700000000 -0.0285483294
21.7800000000 -0.0213399761
21.7900000000 -0.0134207087
21.8000000000 -0.0048887509
21.8100000000 0.0040352298
21.8200000000 0.0130162577
21.8300000000 0.0216917121
21.8400000000 0.0297906401
21.8500000000 0.0371764540
21.8600000000 0.0437711850
21.8700000000 0.0494466578
21.8800000000 0.0539985670
21.8900000000 0.0572315844
21.9000000000 0.0590694032
21.9100000000 0.0595861837
21.9200000000 0.0589510081
21.9300000000 0.0573513375
21.9400000000 0.0549448177
21.9500000000 0.0518438624
21.9600000000 0.0481181969
21.9700000000 0.0438028127
21.9800000000 0.0389055525
21.9900000000 0.0334131142
22.0000000000 0.0272966682
22.0100000000 0.0205199454
22.0200000000 0.0130543285
22.0300000000 0.0049063679
22.0400000000 -0.0038407565
22.0500000000 -0.0129858733
22.0600000000 -0.0222074328
22.0700000000 -0.0311377401
22.0800000000 -0.0394827569
22.0900000000 -0.0470816768
22.1000000000 -0.0538469904
22.1100000000 -0.0596552995
22.1200000000 -0.0643086841
22.1300000000 -0.0676090454
22.1400000000 -0.0694691323
22.1500000000 -0.0699527219
22.1600000000 -0.0692249478
22.1700000000 -0.0674753134
22.1800000000 -0.0648664185
22.1900000000 -0.0615161751
22.2000000000 -0.0574993499
22.2100000000 -0.0528553493
22.2200000000 -0.0475959196
22.2300000000 -0.0417112257
22.2400000000 -0.0351753055
22.2500000000 -0.0279535559
22.2600000000 -0.0200165812
22.2700000000 -0.0113658788
22.2800000000 -0.0020739288
22.2900000000 0.0076725268
22.3000000000 0.0175620764
22.3100000000 0.0272224191
22.3200000000 0.0363391127
22.3300000000 0.0447280397
22.3400000000 0.0522891639
22.3500000000 0.0588984295
22.3600000000 0.0643597204
22.3700000000 0.0684706611
22.3800000000 0.0711338336
22.3900000000 0.0724031427
22.4000000000 0.0724384171
22.4100000000 0.0714280741
22.4200000000 0.0695355628
22.4300000000 0.0668798579
22.4400000000 0.0635363189
22.4500000000 0.0595444076
22.4600000000 0.0549155124
22.4700000000 0.0496390979
22.4800000000 0.0436880054
22.4900000000 0.0370253842
22.5000000000 0.0296173744
22.5100000000 0.0214570046
22.5200000000 0.0126027364
22.5300000000 0.0032230500
22.5400000000 -0.0063858780
22.5500000000 -0.0158531814
22.5600000000 -0.0248490813
22.5700000000 -0.0331687367
22.5800000000 -0.0407003606
22.5900000000 -0.0473200005
22.6000000000 -0.0528354216
22.6100000000 -0.0570436688
22.6200000000 -0.0598417328
22.6300000000 -0.0612779854
22.6400000000 -0.0615104418
22.6500000000 -0.0607291038
22.6600000000 -0.0591003963
22.6700000000 -0.0567461697
22.6800000000 -0.0537439991
22.6900000000 -0.0501348844
22.7000000000 -0.0459312175
22.7100000000 -0.0411230036
22.7200000000 -0.0356830032
22.7300000000 -0.0295730627
22.7400000000 -0.0227554921
22.7500000000 -0.0152148190
22.7600000000 -0.0069940974
22.7700000000 0.0017600520
22.7800000000 0.0107724735
22.7900000000 0.0196793964
22.8000000000 0.0281377557
22.8100000000 0.0359201324
22.8200000000 0.0429012039
22.8300000000 0.0489587154
22.8400000000 0.0539081902
22.8500000000 0.0575486655
22.8600000000 0.0597711751
22.8700000000 0.0606170762
22.8800000000 0.0602425227
22.8900000000 0.0588412703
22.9000000000 0.0565864298
22.9100000000 0.0536070905
22.9200000000 0.0499875296
22.9300000000 0.0457746965
22.9400000000 0.0409862960
22.9500000000 0.0356171306
22.9600000000 0.0296441621
22.9700000000 0.0230323686
22.9800000000 0.0157449972
22.9900000000 0.0077633778
23.0000000000 -0.0008790018
23.0100000000 -0.0100516541
23.0200000000 -0.0194962999
23.0300000000 -0.0288546592
23.0400000000 -0.0377698404
23.0500000000 -0.0459896646
23.0600000000 -0.0533709730
23.0700000000 -0.0597886104
23.0800000000 -0.0650622697
23.0900000000 -0.0689899064
23.1000000000 -0.0714529073
23.1100000000 -0.0724811631
23.1200000000 -0.0722245526
23.1300000000 -0.0708768351
23.1400000000 -0.0686147472
23.1500000000 -0.0655720117
23.1600000000 -0.0618372567
23.1700000000 -0.0574611861
23.1800000000 -0.0524647547
23.1900000000 -0.0468456470
23.2000000000 -0.0405833299
23.2100000000 -0.0336445891
23.2200000000 -0.0259929676
23.2300000000 -0.0176071382
23.2400000000 -0.0085132728
23.2500000000 0.0011703977
23.2600000000 0.0111985673
23.2700000000 0.0212172130
23.2800000000 0.0308579160
23.2900000000 0.0398466648
23.3000000000 0.0480222799
23.3100000000 0.0552528836
23.3200000000 0.0613578380
23.3300000000 0.0661322668
23.3400000000 0.0694494284
23.3500000000 0.0713299911
23.3600000000 0.0719179956
23.3700000000 0.0714052929
23.3800000000 0.0699687732
23.3900000000 0.0677426486
23.4000000000 0.0648155941
23.4100000000 0.0612377987
23.4200000000 0.0570292680
23.4300000000 0.0521864278
23.4400000000 0.0466871490
23.4500000000 0.0404959621
23.4600000000 0.0335726789
23.4700000000 0.0258892849
23.4800000000 0.0174604193
23.4900000000 0.0083872010
23.5000000000 -0.0011040873
23.5100000000 -0.0106707099
23.5200000000 -0.0199389810
23.5300000000 -0.0286167084
23.5400000000 -0.0365262066
23.5500000000 -0.0435304048
23.5600000000 -0.0494512543
23.5700000000 -0.0540852036
23.5800000000 -0.0573019319
23.5900000000 -0.0591172180
23.6000000000 -0.0596732632
23.6100000000 -0.0591637666
23.6200000000 -0.0577693420
23.6300000000 -0.0556280782
23.6400000000 -0.0528318982
23.6500000000 -0.0494334964
23.6600000000 -0.0454547806
23.6700000000 -0.0408936136
23.6800000000 -0.0357288198
23.6900000000 -0.0299250630
23.7000000000 -0.0234405758
23.7100000000 -0.0162423449
23.7200000000 -0.0083341880
23.7300000000 0.0002009964
23.7400000000 0.0091595376
23.7500000000 0.0182151187
23.7600000000 0.0269922397
23.7700000000 0.0351798182
23.7800000000 0.0425808252
23.7900000000 0.0490522679
23.8000000000 0.0544209154
23.8100000000 0.0584864975
23.8200000000 0.0611140560
23.8300000000 0.0623114893
23.8400000000 0.0622172326
23.8500000000 0.0610274700
23.8600000000 0.0589292715
23.8700000000 0.0560683796
23.8800000000 0.0525440559
23.8900000000 0.0484155891
23.9000000000 0.0437108056
23.9100000000 0.0384329792
23.9200000000 0.0325658930
23.9300000000 0.0260784964
23.9400000000 0.0189319346
23.9500000000 0.0110933203
23.9600000000 0.0025617191
23.9700000000 -0.0065912284
23.9800000000 -0.0161776591
23.9900000000 -0.0258829694
24.0000000000 -0.0353280401
24.0100000000 -0.0441819072
24.0200000000 -0.0522252893
24.0300000000 -0.0593042897
24.0400000000 -0.0652452481
24.0500000000 -0.0698468912
24.0600000000 -0.0729659516
24.0700000000 -0.0745984923
24.0800000000 -0.0748747207
24.0900000000 -0.0739886970
24.1000000000 -0.0721295084
24.1100000000 -0.0694463693
24.1200000000 -0.0660419305
24.1300000000 -0.0619783183
24.1400000000 -0.0572856901
24.1500000000 -0.0519693080
24.1600000000 -0.0460146832
24.1700000000 -0.0393920992
24.1800000000 -0.0320631410
24.1900000000 -0.0239934298
24.2000000000 -0.0151770582
24.2100000000 -0.0056759665
24.2200000000 0.0043350353
24.2300000000 0.0145512278
24.2400000000 0.0245911548
24.2500000000 0.0341075956
24.2600000000 0.0428613585
24.2700000000 0.0506863562
24.2800000000 0.0574051863
24.2900000000 0.0628140089
24.3000000000 0.0667633098
24.3100000000 0.0692411449
24.3200000000 0.0703719996
24.3300000000 0.0703476837
24.3400000000 0.0693570913
24.3500000000 0.0675496432
24.3600000000 0.0650277565
24.3700000000 0.0618527189
24.3800000000 0.0580533678
24.3900000000 0.0536333206
24.4000000000 0.0485761747
24.4100000000 0.0428498680
24.4200000000 0.0364126655
24.4300000000 0.0292247555
24.4400000000 0.0212708894
24.4500000000 0.0125980354
24.4600000000 0.0033612008
24.4700000000 -0.0061529235
24.4800000000 -0.0155683584
24.4900000000 -0.0245266359
24.5000000000 -0.0327706665
24.5100000000 -0.0401237957
24.5200000000 -0.0464082034
24.5300000000 -0.0514220777
24.5400000000 -0.0550140558
24.5500000000 -0.0571679414
24.5600000000 -0.0580062426
24.5700000000 -0.0577227820
24.5800000000 -0.0565109845
24.5900000000 -0.0545253503
24.6000000000 -0.0518728447
24.6100000000 -0.0486185070
24.6200000000 -0.0447942357
24.6300000000 -0.0404061944
24.6400000000 -0.0354400911
24.6500000000 -0.0298653915
24.6600000000 -0.0236407408
24.6700000000 -0.0167243103
24.6800000000 -0.0090943267
24.6900000000 -0.0007843539
24.7000000000 0.0080709684
24.7100000000 0.0172059107
24.7200000000 0.0262534142
24.7300000000 0.0348444526
24.7400000000 0.0427013399
24.7500000000 0.0496341364
24.7600000000 0.0554644585
24.7700000000 0.0599931625
24.7800000000 0.0630652188
24.7900000000 0.0646558584
24.8000000000 0.0648816840
24.8100000000 0.0639371574
24.8200000000 0.0620213713
24.8300000000 0.0592964814
24.8400000000 0.0558771250
24.8500000000 0.0518353258
24.8600000000 0.0472092563
24.8700000000 0.0420108271
24.8800000000 0.0362311051
24.8900000000 0.0298444795
24.9000000000 0.0228136904
24.9100000000 0.0150992286
24.9200000000 0.0066782097
24.9300000000 -0.0024223081
24.9400000000 -0.0120799588
24.9500000000 -0.0220424279
24.9600000000 -0.0319469998
24.9700000000 -0.0414126795
24.9800000000 -0.0501399082
24.9900000000 -0.0579216160
25.0000000000 -0.0645730296
25.0100000000 -0.0698922794
25.0200000000 -0.0737169105
25.0300000000 -0.0760105487
25.0400000000 -0.0768802054
25.0500000000 -0.0765162492
25.0600000000 -0.0751180570
25.0700000000 -0.0728498855
25.0800000000 -0.0698285849
25.0900000000 -0.0661278945
25.1000000000 -0.0617871918
25.1100000000 -0.0568192507
25.1200000000 -0.0512157961
25.1300000000 -0.0449516539
25.1400000000 -0.0379894954
25.1500000000 -0.0302885300
25.1600000000 -0.0218221365
25.1700000000 -0.0126096947
25.1800000000 -0.0027616387
25.1900000000 0.0074823873
25.2000000000 0.0177649785
25.2100000000 0.0276967095
25.2200000000 0.0369600668
25.2300000000 0.0453321816
25.2400000000 0.0526206346
25.2500000000 0.0586201353
25.2600000000 0.0631633889
25.2700000000 0.0662074929
25.2800000000 0.0678543871
25.2900000000 0.0682923520
25.3000000000 0.0677206617
25.3100000000 0.0663038946
25.3200000000 0.0641587606
25.3300000000 0.0613581922
25.3400000000 0.0579402068
25.3500000000 0.0539158447
25.3600000000 0.0492748334
25.3700000000 0.0439896868
25.3800000000 0.0380201105
25.3900000000 0.0313208631
25.4000000000 0.0238578639
25.4100000000 0.0156380021
25.4200000000 0.0067531540
25.4300000000 -0.0025784099
25.4400000000 -0.0120139466
25.4500000000 -0.0211625108
25.4600000000 -0.0296915237
25.4700000000 -0.0373635751
25.4800000000 -0.0439815077
25.4900000000 -0.0493412254
25.5000000000 -0.0532746918
25.5100000000 -0.0557351981
25.5200000000 -0.0568222745
25.5300000000 -0.0567260591
25.5400000000 -0.0556510318
25.5500000000 -0.0537681213
25.5600000000 -0.0512000668
25.5700000000 -0.0480250129
25.5800000000 -0.0442854063
25.5900000000 -0.0399961224
25.6000000000 -0.0351502789
25.6100000000 -0.0297233221
25.6200000000 -0.0236771141
25.6300000000 -0.0169669410
25.6400000000 -0.0095559641
25.6500000000 -0.0014426304
25.6600000000 0.0072970812
25.6700000000 0.0164658269
25.6800000000 0.0257370260
25.6900000000 0.0347192915
25.7000000000 0.0430632068
25.7100000000 0.0505131933
25.7200000000 0.0568648108
25.7300000000 0.0619138287
25.7400000000 0.0654886615
25.7500000000 0.0675334376
25.7600000000 0.0681395604
25.7700000000 0.0674954432
25.7800000000 0.0658098148
25.7900000000 0.0632607338
25.8000000000 0.0599785281
25.8100000000 0.0560483615
25.8200000000 0.0515189746
25.8300000000 0.0464109806
25.8400000000 0.0407228685
25.8500000000 0.0344351551
25.8600000000 0.0275142919
25.8700000000 0.0199190855
25.8800000000 0.0116139624
25.8900000000 0.0025946251
25.9000000000 -0.0070710865
25.9100000000 -0.0171977986
25.9200000000 -0.0274676173
25.9300000000 -0.0374852023
25.9400000000 -0.0468835931
25.9500000000 -0.0553871506
25.9600000000 -0.0627792258
25.9700000000 -0.0688496676
25.9800000000 -0.0734195318
25.9900000000 -0.0764219303
26.0000000000 -0.0779380201
26.0100000000 -0.0781505652
26.0200000000 -0.0772669329
26.0300000000 -0.0754658441
26.0400000000 -0.0728785519
26.0500000000 -0.0695906958
26.0600000000 -0.0656509756
26.0700000000 -0.0610796082
26.0800000000 -0.0558744979
26.0900000000 -0.0500154448
26.1000000000 -0.0434679119
26.1100000000 -0.0361889805
26.1200000000 -0.0281396771
26.1300000000 -0.0193092369
26.1400000000 -0.0097548451
26.1500000000 0.0003517553
26.1600000000 0.0107034714
26.1700000000 0.0209048147
26.1800000000 0.0305760269
26.1900000000 0.0394247467
26.2000000000 0.0472231514
26.2100000000 0.0537559415
26.2200000000 0.0588400666
26.2300000000 0.0624035379
26.2400000000 0.0645234027
26.2500000000 0.0653809187
26.2600000000 0.0651838937
26.2700000000 0.0641119516
26.2800000000 0.0622967640
26.2900000000 0.0598236424
26.3000000000 0.0567403137
26.3100000000 0.0530655697
26.3200000000 0.0487955868
26.3300000000 0.0439081639
26.3400000000 0.0383662998
26.3500000000 0.0321235695
26.3600000000 0.0251352447
26.3700000000 0.0173806194
26.3800000000 0.0089007782
26.3900000000 -0.0001542890
26.4000000000 -0.0094983635
26.4100000000 -0.0187447225
26.4200000000 -0.0275053573
26.4300000000 -0.0354722903
26.4400000000 -0.0424082653
26.4500000000 -0.0480966649
26.4600000000 -0.0523537937
26.4700000000 -0.0551039145
26.4800000000 -0.0564207882
26.4900000000 -0.0564868296
26.5000000000 -0.0555153531
26.5100000000 -0.0536934832
26.5200000000 -0.0511604428
26.5300000000 -0.0480083236
26.5400000000 -0.0442907663
26.5500000000 -0.0400317894
26.5600000000 -0.0352323044
26.5700000000 -0.0298744398
26.5800000000 -0.0239249800
26.5900000000 -0.0173402031
26.6000000000 -0.0100758006
26.6100000000 -0.0021071545
26.6200000000 0.0065352575
26.6300000000 0.0157190507
26.6400000000 0.0251768634
26.6500000000 0.0345302694
26.6600000000 0.0433817539
26.6700000000 0.0514043006
26.6800000000 0.0583470839
26.6900000000 0.0639886841
26.7000000000 0.0681406952
26.7100000000 0.0707175536
26.7200000000 0.0717827565
26.7300000000 0.0715142692
26.7400000000 0.0701276218
26.7500000000 0.0678159459
26.7600000000 0.0647254642
26.7700000000 0.0609548827
26.7800000000 0.0565637463
26.7900000000 0.0515813951
26.8000000000 0.0460136964
26.8100000000 0.0398475071
26.8200000000 0.0330540738
26.8300000000 0.0255935382
26.8400000000 0.0174240646
26.8500000000 0.0085207548
26.8600000000 -0.0010905258
26.8700000000 -0.0112865495
26.8800000000 -0.0218097552
26.8900000000 -0.0322838347
26.9000000000 -0.0423000296
26.9100000000 -0.0515119608
26.9200000000 -0.0596523813
26.9300000000 -0.0664900848
26.9400000000 -0.0718284618
26.9500000000 -0.0755715919
26.9600000000 -0.0777727740
26.9700000000 -0.0786033933
26.9800000000 -0.0782762986
26.9900000000 -0.0769839661
27.0000000000 -0.0748722927
27.0100000000 -0.0720392288
27.0200000000 -0.0685430311
27.0300000000 -0.0644113719
27.0400000000 -0.0596482520
27.0500000000 -0.0542385656
27.0600000000 -0.0481514545
27.0700000000 -0.0413445191
27.0800000000 -0.0337722589
27.0900000000 -0.0254038013
27.1000000000 -0.0162553249
27.1100000000 -0.0064363789
27.1200000000 0.0038098107
27.1300000000 0.0141143161
27.1400000000 0.0240628515
27.1500000000 0.0332943857
27.1600000000 0.0415281649
27.1700000000 0.0485255981
27.1800000000 0.0540859295
27.1900000000 0.0581092251
27.2000000000 0.0606456533
27.2100000000 0.0618658945
27.2200000000 0.0619841489
27.2300000000 0.0611948499
27.2400000000 0.0596453840
27.2500000000 0.0574343671
27.2600000000 0.0546199648
27.2700000000 0.0512292021
27.2800000000 0.0472650571
27.2900000000 0.0427111149
27.3000000000 0.0375348434
27.3100000000 0.0316914259
27.3200000000 0.0251312942
27.3300000000 0.0178161875
27.3400000000 0.0097493048
27.3500000000 0.0010203091
27.3600000000 -0.0081511928
27.3700000000 -0.0174137018
27.3800000000 -0.0263540572
27.3900000000 -0.0345983752
27.4000000000 -0.0418528185
27.4100000000 -0.0478735725
27.4200000000 -0.0524579706
27.4300000000 -0.0555017690
27.4400000000 -0.0570504256
27.4500000000 -0.0572743438
27.4600000000 -0.0563928977
27.4700000000 -0.0546088122
27.4800000000 -0.0520784040
27.4900000000 -0.0489085943
27.5000000000 -0.0451649352
27.5100000000 -0.0408810543
27.5200000000 -0.0360659745
27.5300000000 -0.0307089258
27.5400000000 -0.0247826144
27.5500000000 -0.0182467529
27.5600000000 -0.0110547815
27.5700000000 -0.0031683498
27.5800000000 0.0054148178
27.5900000000 0.0146176399
27.6000000000 0.0242380323
27.6100000000 0.0339380085
27.6200000000 0.0433031512
27.6300000000 0.0519437252
27.6400000000 0.0595482832
27.6500000000 0.0658626937
27.6600000000 0.0706770136
27.6700000000 0.0738762046
27.6800000000 0.0754935418
27.6900000000 0.0756921393
27.7000000000 0.0746910626
27.7100000000 0.0726973281
27.7200000000 0.0698731150
27.7300000000 0.0663310618
27.7400000000 0.0621417767
27.7500000000 0.0573433479
27.7600000000 0.0519488846
27.7700000000 0.0459515138
27.7800000000 0.0393277027
27.7900000000 0.0320406288
27.8000000000 0.0240464027
27.8100000000 0.0153075747
27.8200000000 0.0058196117
27.8300000000 -0.0043468009
27.8400000000 -0.0149985803
27.8500000000 -0.0258034106
27.8600000000 -0.0363419221
27.8700000000 -0.0462085367
27.8800000000 -0.0550736685
27.8900000000 -0.0626698731
27.9000000000 -0.0687774712
27.9100000000 -0.0732715622
27.9200000000 -0.0761758464
27.9300000000 -0.0776466739
27.9400000000 -0.0778996563
27.9500000000 -0.0771401759
27.9600000000 -0.0755290540
27.9700000000 -0.0731771122
27.9800000000 -0.0701525719
27.9900000000 -0.0664907153
28.0000000000 -0.0622016168
28.0100000000 -0.0572752702
28.0200000000 -0.0516849265
28.0300000000 -0.0453902878
28.0400000000 -0.0383432371
28.0500000000 -0.0305003779
28.0600000000 -0.0218480941
28.0700000000 -0.0124437241
28.0800000000 -0.0024639852
28.0900000000 0.0077723544
28.1000000000 0.0178486375
28.1100000000 0.0273495602
28.1200000000 0.0359316110
28.1300000000 0.0433176781
28.1400000000 0.0492830920
28.1500000000 0.0536994259
28.1600000000 0.0565879228
28.1700000000 0.0581049476
28.1800000000 0.0584685450
28.1900000000 0.0578874935
28.2000000000 0.0565256781
28.2100000000 0.0544961127
28.2200000000 0.0518683351
28.2300000000 0.0486782610
28.2400000000 0.0449361222
28.2500000000 0.0406317306
28.2600000000 0.0357378240
28.2700000000 0.0302130371
28.2800000000 0.0240069846
28.2900000000 0.0170714591
28.3000000000 0.0093833164
28.3100000000 0.0009833813
28.3200000000 -0.0079747676
28.3300000000 -0.0171952892
28.3400000000 -0.0262723821
28.3500000000 -0.0347843227
28.3600000000 -0.0423734136
28.3700000000 -0.0487529016
28.3800000000 -0.0536934424
28.3900000000 -0.0570608707
28.4000000000 -0.0588696851
28.4100000000 -0.0592736964
28.4200000000 -0.0584949223
28.4300000000 -0.0567506045
28.4400000000 -0.0542145702
28.4500000000 -0.0510094382
28.4600000000 -0.0472134324
28.4700000000 -0.0428702851
28.4800000000 -0.0379974119
28.4900000000 -0.0325913886
28.5000000000 -0.0266313858
28.5100000000 -0.0200820100
28.5200000000 -0.0128978796
28.5300000000 -0.0050336988
28.5400000000 0.0035347524
28.5500000000 0.0127738660
28.5600000000 0.0225436346
28.5700000000 0.0325628811
28.5800000000 0.0424311052
28.5900000000 0.0517164859
28.6000000000 0.0600429556
28.6100000000 0.0671085269
28.6200000000 0.0726729622
28.6300000000 0.0765898569
28.6400000000 0.0788599004
28.6500000000 0.0796269555
28.6600000000 0.0791099517
28.6700000000 0.0775282175
28.6800000000 0.0750597798
28.6900000000 0.0718315833
28.7000000000 0.0679255959
28.7100000000 0.0633887002
28.7200000000 0.0582410809
28.7300000000 0.0524819114
28.7400000000 0.0460929008
28.7500000000 0.0390410867
28.7600000000 0.0312831164
28.7700000000 0.0227746574
28.7800000000 0.0134902986
28.7900000000 0.0034591512
28.8000000000 -0.0071864405
28.8100000000 -0.0181725884
28.8200000000 -0.0290989904
28.8300000000 -0.0395230051
28.8400000000 -0.0490513011
28.8500000000 -0.0573662586
28.8600000000 -0.0642161369
28.8700000000 -0.0694448811
28.8800000000 -0.0730445932
28.8900000000 -0.0751529228
28.9000000000 -0.0759852796
28.9100000000 -0.0757589244
28.9200000000 -0.0746499174
28.9300000000 -0.0727826788
28.9400000000 -0.0702360118
28.9500000000 -0.0670531547
28.9600000000 -0.0632503682
28.9700000000 -0.0588227710
28.9800000000 -0.0537479437
28.9900000000 -0.0479886286
29.0000000000 -0.0414966630
29.0100000000 -0.0342216222
29.0200000000 -0.0261294123
29.0300000000 -0.0172363282
29.0400000000 -0.0076574578
29.0500000000 0.0023514106
29.0600000000 0.0124008554
29.0700000000 0.0220457926
29.0800000000 0.0308810436
29.0900000000 0.0385776040
29.1000000000 0.0448771581
29.1100000000 0.0496197838
29.1200000000 0.0527951663
29.1300000000 0.0545412431
29.1400000000 0.0550767941
29.1500000000 0.0546241078
29.1600000000 0.0533642896
29.1700000000 0.0514259735
29.1800000000 0.0488911909
29.1900000000 0.0458055826
29.2000000000 0.0421872113
29.2100000000 0.0380325765
29.2200000000 0.0333202949
29.2300000000 0.0280137001
29.2400000000 0.0220643444
29.2500000000 0.0154196256
29.2600000000 0.0080395045
29.2700000000 -0.0000719937
29.2800000000 -0.0088199075
29.2900000000 -0.0179730943
29.3000000000 -0.0271608058
29.3100000000 -0.0359402082
29.3200000000 -0.0438943051
29.3300000000 -0.0506808934
29.3400000000 -0.0560330296
29.3500000000 -0.0597825772
29.3600000000 -0.0619098076
29.3700000000 -0.0625469815
29.3800000000 -0.0619146277
29.3900000000 -0.0602428040
29.4000000000 -0.0577229640
29.4100000000 -0.0544942150
29.4200000000 -0.0506482210
29.4300000000 -0.0462393262
29.4400000000 -0.0412935917
29.4500000000 -0.0358150624
29.4600000000 -0.0297896085
29.4700000000 -0.0231875188
29.4800000000 -0.0159667202
29.4900000000 -0.0080796578
29.5000000000 0.0005114080
29.5100000000 0.0098049028
29.5200000000 0.0197144508
29.5300000000 0.0300214807
29.5400000000 0.0403639165
29.5500000000 0.0502948876
29.5600000000 0.0593813046
29.5700000000 0.0672627071
29.5800000000 0.0736574017
29.5900000000 0.0783831152
29.6000000000 0.0814050049
29.6100000000 0.0828432032
29.6200000000 0.0829124472
29.6300000000 0.0818424000
29.6400000000 0.0798266382
29.6500000000 0.0770067707
29.6600000000 0.0734764766
29.6700000000 0.0692915383
29.6800000000 0.0644790701
29.6900000000 0.0590440062
29.7000000000 0.0529730894
29.7100000000 0.0462374869
29.7200000000 0.0387958491
29.7300000000 0.0306007507
29.7400000000 0.0216131803
29.7500000000 0.0118309785
29.7600000000 0.0013337910
29.7700000000 -0.0096678067
29.7800000000 -0.0208158180
29.7900000000 -0.0316579856
29.8000000000 -0.0417469423
29.8100000000 -0.0507059643
29.8200000000 -0.0582403592
29.8300000000 -0.0641581400
29.8400000000 -0.0684169715
29.8500000000 -0.0711319041
29.8600000000 -0.0725148337
29.8700000000 -0.0727936254
29.8800000000 -0.0721598932
29.8900000000 -0.0707525601
29.9000000000 -0.0686618638
29.9100000000 -0.0659395775
29.9200000000 -0.0626084518
29.9300000000 -0.0586688675
29.9400000000 -0.0541029102
29.9500000000 -0.0488769545
29.9600000000 -0.0429444855
29.9700000000 -0.0362519436
29.9800000000 -0.0287520662
29.9900000000 -0.0204306448
